259227.000,2268,E19,I/NAV,0.000000,0.000000,0.000000,0,0,0,0,0
259236.000,2268,E19,I/NAV,0.000000,0.000000,0.000000,0,0,0,0,0
259257.000,2268,E19,I/NAV,0.000000,0.000000,0.000000,0,0,0,0,0
259260.000,2268,E19,F/NAV,0.000000,0.000000,0.000000,0,0,0,0,0
259266.000,2268,E19,I/NAV,0.000000,0.000000,0.000000,0,0,0,0,0
259287.000,2268,E19,I/NAV,0.000000,0.000000,0.000000,0,0,0,0,0
259296.000,2268,E19,I/NAV,0.000000,0.000000,0.000000,0,0,0,0,0
259310.000,2268,E19,F/NAV,0.000000,0.000000,0.000000,0,0,0,0,0
259317.000,2268,E19,I/NAV,0.000000,0.000000,0.000000,0,0,0,0,0
259326.000,2268,E19,I/NAV,0.000000,0.000000,0.000000,0,0,0,0,0
259347.000,2268,E19,I/NAV,0.000000,0.000000,0.000000,0,0,0,0,0
259356.000,2268,E19,I/NAV,0.000000,0.000000,0.000000,0,0,0,0,0
259360.000,2268,E19,F/NAV,0.000000,0.000000,0.000000,0,0,0,0,0
259377.000,2268,E19,I/NAV,0.000000,0.000000,0.000000,0,0,0,0,0
259386.000,2268,E19,I/NAV,0.000000,0.000000,0.000000,0,0,0,0,0
259407.000,2268,E19,I/NAV,0.000000,0.000000,0.000000,0,0,0,0,0
259410.000,2268,E19,F/NAV,0.000000,0.000000,0.000000,0,0,0,0,0
259416.000,2268,E19,I/NAV,0.000000,0.000000,0.000000,0,0,0,0,0
259437.000,2268,E19,I/NAV,0.000000,0.000000,0.000000,0,0,0,0,0
259446.000,2268,E19,I/NAV,0.000000,0.000000,0.000000,0,0,0,0,0
259460.000,2268,E19,F/NAV,0.000000,0.000000,0.000000,0,0,0,0,0
259467.000,2268,E19,I/NAV,0.000000,0.000000,0.000000,0,0,0,0,0
259476.000,2268,E19,I/NAV,0.000000,0.000000,0.000000,0,0,0,0,0
259497.000,2268,E19,I/NAV,0.000000,0.000000,0.000000,0,0,0,0,0
259506.000,2268,E19,I/NAV,0.000000,0.000000,0.000000,0,0,0,0,0
259510.000,2268,E19,F/NAV,0.000000,0.000000,0.000000,0,0,0,0,0
259527.000,2268,E19,I/NAV,0.000000,0.000000,0.000000,0,0,0,0,0
259536.000,2268,E19,I/NAV,0.000000,0.000000,0.000000,0,0,0,0,0
259557.000,2268,E19,I/NAV,0.000000,0.000000,0.000000,0,0,0,0,0
259560.000,2268,E19,F/NAV,0.000000,0.000000,0.000000,0,0,0,0,0
259566.000,2268,E19,I/NAV,0.000000,0.000000,0.000000,0,0,0,0,0
259587.000,2268,E19,I/NAV,0.000000,0.000000,0.000000,0,0,0,0,0
259596.000,2268,E19,I/NAV,0.000000,0.000000,0.000000,0,0,0,0,0
259610.000,2268,E19,F/NAV,0.000000,0.000000,0.000000,0,0,0,0,0
259617.000,2268,E19,I/NAV,0.000000,0.000000,0.000000,0,0,0,0,0
259626.000,2268,E19,I/NAV,0.000000,0.000000,0.000000,0,0,0,0,0
259647.000,2268,E19,I/NAV,0.000000,0.000000,0.000000,0,0,0,0,0
259656.000,2268,E19,I/NAV,0.000000,0.000000,0.000000,0,0,0,0,0
259660.000,2268,E19,F/NAV,0.000000,0.000000,0.000000,0,0,0,0,0
259677.000,2268,E19,I/NAV,0.000000,0.000000,0.000000,0,0,0,0,0
259686.000,2268,E19,I/NAV,0.000000,0.000000,0.000000,0,0,0,0,0
259707.000,2268,E19,I/NAV,0.000000,0.000000,0.000000,0,0,0,0,0
259710.000,2268,E19,F/NAV,0.000000,0.000000,0.000000,0,0,0,0,0
259716.000,2268,E19,I/NAV,0.000000,0.000000,0.000000,0,0,0,0,0
259737.000,2268,E19,I/NAV,0.000000,0.000000,0.000000,0,0,0,0,0
259746.000,2268,E19,I/NAV,0.000000,0.000000,0.000000,0,0,0,0,0
259760.000,2268,E19,F/NAV,0.000000,0.000000,0.000000,0,0,0,0,0
259767.000,2268,E19,I/NAV,0.000000,0.000000,0.000000,0,0,0,0,0
259776.000,2268,E19,I/NAV,0.000000,0.000000,0.000000,0,0,0,0,0
259797.000,2268,E19,I/NAV,0.000000,0.000000,0.000000,0,0,0,0,0
259806.000,2268,E19,I/NAV,0.000000,0.000000,0.000000,0,0,0,0,0
259810.000,2268,E19,F/NAV,0.000000,0.000000,0.000000,0,0,0,0,0
259827.000,2268,E19,I/NAV,0.000000,0.000000,0.000000,0,0,0,0,0
259836.000,2268,E19,I/NAV,0.000000,0.000000,0.000000,0,0,0,0,0
259857.000,2268,E19,I/NAV,0.000000,0.000000,0.000000,0,0,0,0,0
259860.000,2268,E19,F/NAV,0.000000,0.000000,0.000000,0,0,0,0,0
259866.000,2268,E19,I/NAV,0.000000,0.000000,0.000000,0,0,0,0,0
259887.000,2268,E19,I/NAV,0.000000,0.000000,0.000000,0,0,0,0,0
259896.000,2268,E19,I/NAV,0.000000,0.000000,0.000000,0,0,0,0,0
259910.000,2268,E19,F/NAV,0.000000,0.000000,0.000000,0,0,0,0,0
259917.000,2268,E19,I/NAV,0.000000,0.000000,0.000000,0,0,0,0,0
259926.000,2268,E19,I/NAV,0.000000,0.000000,0.000000,0,0,0,0,0
259947.000,2268,E19,I/NAV,0.000000,0.000000,0.000000,0,0,0,0,0
259956.000,2268,E19,I/NAV,0.000000,0.000000,0.000000,0,0,0,0,0
259960.000,2268,E19,F/NAV,0.000000,0.000000,0.000000,0,0,0,0,0
259977.000,2268,E19,I/NAV,0.000000,0.000000,0.000000,0,0,0,0,0
259986.000,2268,E19,I/NAV,0.000000,0.000000,0.000000,0,0,0,0,0
260007.000,2268,E19,I/NAV,0.000000,0.000000,0.000000,0,0,0,0,0
260010.000,2268,E19,F/NAV,0.000000,0.000000,0.000000,0,0,0,0,0
260016.000,2268,E19,I/NAV,0.000000,0.000000,0.000000,0,0,0,0,0
260037.000,2268,E19,I/NAV,0.000000,0.000000,0.000000,0,0,0,0,0
260046.000,2268,E19,I/NAV,0.000000,0.000000,0.000000,0,0,0,0,0
260060.000,2268,E19,F/NAV,0.000000,0.000000,0.000000,0,0,0,0,0
260067.000,2268,E19,I/NAV,0.000000,0.000000,0.000000,0,0,0,0,0
260076.000,2268,E19,I/NAV,0.000000,0.000000,0.000000,0,0,0,0,0
260097.000,2268,E19,I/NAV,0.000000,0.000000,0.000000,0,0,0,0,0
260106.000,2268,E19,I/NAV,0.000000,0.000000,0.000000,0,0,0,0,0
260110.000,2268,E19,F/NAV,0.000000,0.000000,0.000000,0,0,0,0,0
260127.000,2268,E19,I/NAV,0.000000,0.000000,0.000000,0,0,0,0,0
260136.000,2268,E19,I/NAV,0.000000,0.000000,0.000000,0,0,0,0,0
260157.000,2268,E19,I/NAV,0.000000,0.000000,0.000000,0,0,0,0,0
260160.000,2268,E19,F/NAV,0.000000,0.000000,0.000000,0,0,0,0,0
260166.000,2268,E19,I/NAV,0.000000,0.000000,0.000000,0,0,0,0,0
260187.000,2268,E19,I/NAV,0.000000,0.000000,0.000000,0,0,0,0,0
260196.000,2268,E19,I/NAV,0.000000,0.000000,0.000000,0,0,0,0,0
260210.000,2268,E19,F/NAV,0.000000,0.000000,0.000000,0,0,0,0,0
260217.000,2268,E19,I/NAV,0.000000,0.000000,0.000000,0,0,0,0,0
260226.000,2268,E19,I/NAV,0.000000,0.000000,0.000000,0,0,0,0,0
260247.000,2268,E19,I/NAV,0.000000,0.000000,0.000000,0,0,0,0,0
260256.000,2268,E19,I/NAV,0.000000,0.000000,0.000000,0,0,0,0,0
260260.000,2268,E19,F/NAV,0.000000,0.000000,0.000000,0,0,0,0,0
260277.000,2268,E19,I/NAV,0.000000,0.000000,0.000000,0,0,0,0,0
260286.000,2268,E19,I/NAV,0.000000,0.000000,0.000000,0,0,0,0,0
260307.000,2268,E19,I/NAV,0.000000,0.000000,0.000000,0,0,0,0,0
260310.000,2268,E19,F/NAV,0.000000,0.000000,0.000000,0,0,0,0,0
260316.000,2268,E19,I/NAV,0.000000,0.000000,0.000000,0,0,0,0,0
260337.000,2268,E19,I/NAV,0.000000,0.000000,0.000000,0,0,0,0,0
260346.000,2268,E19,I/NAV,0.000000,0.000000,0.000000,0,0,0,0,0
260360.000,2268,E19,F/NAV,0.000000,0.000000,0.000000,0,0,0,0,0
260367.000,2268,E19,I/NAV,0.000000,0.000000,0.000000,0,0,0,0,0
260376.000,2268,E19,I/NAV,0.000000,0.000000,0.000000,0,0,0,0,0
260397.000,2268,E19,I/NAV,0.000000,0.000000,0.000000,0,0,0,0,0
260406.000,2268,E19,I/NAV,0.000000,0.000000,0.000000,0,0,0,0,0
260410.000,2268,E19,F/NAV,0.000000,0.000000,0.000000,0,0,0,0,0
260427.000,2268,E19,I/NAV,0.000000,0.000000,0.000000,0,0,0,0,0
260436.000,2268,E19,I/NAV,0.000000,0.000000,0.000000,0,0,0,0,0
260457.000,2268,E19,I/NAV,0.000000,0.000000,0.000000,0,0,0,0,0
260460.000,2268,E19,F/NAV,0.000000,0.000000,0.000000,0,0,0,0,0
260466.000,2268,E19,I/NAV,0.000000,0.000000,0.000000,0,0,0,0,0
260487.000,2268,E19,I/NAV,0.000000,0.000000,0.000000,0,0,0,0,0
260496.000,2268,E19,I/NAV,0.000000,0.000000,0.000000,0,0,0,0,0
260510.000,2268,E19,F/NAV,0.000000,0.000000,0.000000,0,0,0,0,0
260517.000,2268,E19,I/NAV,0.000000,0.000000,0.000000,0,0,0,0,0
260526.000,2268,E19,I/NAV,0.000000,0.000000,0.000000,0,0,0,0,0
260547.000,2268,E19,I/NAV,0.000000,0.000000,0.000000,0,0,0,0,0
260556.000,2268,E19,I/NAV,0.000000,0.000000,0.000000,0,0,0,0,0
260560.000,2268,E19,F/NAV,0.000000,0.000000,0.000000,0,0,0,0,0
260577.000,2268,E19,I/NAV,0.000000,0.000000,0.000000,0,0,0,0,0
260586.000,2268,E19,I/NAV,0.000000,0.000000,0.000000,0,0,0,0,0
260607.000,2268,E19,I/NAV,0.000000,0.000000,0.000000,0,0,0,0,0
260610.000,2268,E19,F/NAV,0.000000,0.000000,0.000000,0,0,0,0,0
260616.000,2268,E19,I/NAV,0.000000,0.000000,0.000000,0,0,0,0,0
260637.000,2268,E19,I/NAV,0.000000,0.000000,0.000000,0,0,0,0,0
260646.000,2268,E19,I/NAV,0.000000,0.000000,0.000000,0,0,0,0,0
260660.000,2268,E19,F/NAV,0.000000,0.000000,0.000000,0,0,0,0,0
260667.000,2268,E19,I/NAV,0.000000,0.000000,0.000000,0,0,0,0,0
260676.000,2268,E19,I/NAV,0.000000,0.000000,0.000000,0,0,0,0,0
260697.000,2268,E19,I/NAV,0.000000,0.000000,0.000000,0,0,0,0,0
260706.000,2268,E19,I/NAV,0.000000,0.000000,0.000000,0,0,0,0,0
260710.000,2268,E19,F/NAV,0.000000,0.000000,0.000000,0,0,0,0,0
260727.000,2268,E19,I/NAV,0.000000,0.000000,0.000000,0,0,0,0,0
260736.000,2268,E19,I/NAV,0.000000,0.000000,0.000000,0,0,0,0,0
260757.000,2268,E19,I/NAV,0.000000,0.000000,0.000000,0,0,0,0,0
260760.000,2268,E19,F/NAV,0.000000,0.000000,0.000000,0,0,0,0,0
260766.000,2268,E19,I/NAV,0.000000,0.000000,0.000000,0,0,0,0,0
260787.000,2268,E19,I/NAV,0.000000,0.000000,0.000000,0,0,0,0,0
260796.000,2268,E19,I/NAV,0.000000,0.000000,0.000000,0,0,0,0,0
260810.000,2268,E19,F/NAV,0.000000,0.000000,0.000000,0,0,0,0,0
260817.000,2268,E19,I/NAV,0.000000,0.000000,0.000000,0,0,0,0,0
260826.000,2268,E19,I/NAV,0.000000,0.000000,0.000000,0,0,0,0,0
260847.000,2268,E19,I/NAV,0.000000,0.000000,0.000000,0,0,0,0,0
260856.000,2268,E19,I/NAV,0.000000,0.000000,0.000000,0,0,0,0,0
260860.000,2268,E19,F/NAV,0.000000,0.000000,0.000000,0,0,0,0,0
260877.000,2268,E19,I/NAV,0.000000,0.000000,0.000000,0,0,0,0,0
260886.000,2268,E19,I/NAV,0.000000,0.000000,0.000000,0,0,0,0,0
260907.000,2268,E19,I/NAV,0.000000,0.000000,0.000000,0,0,0,0,0
260910.000,2268,E19,F/NAV,0.000000,0.000000,0.000000,0,0,0,0,0
260916.000,2268,E19,I/NAV,0.000000,0.000000,0.000000,0,0,0,0,0
260937.000,2268,E19,I/NAV,0.000000,0.000000,0.000000,0,0,0,0,0
260946.000,2268,E19,I/NAV,0.000000,0.000000,0.000000,0,0,0,0,0
260960.000,2268,E19,F/NAV,0.000000,0.000000,0.000000,0,0,0,0,0
260967.000,2268,E19,I/NAV,0.000000,0.000000,0.000000,0,0,0,0,0
260976.000,2268,E19,I/NAV,0.000000,0.000000,0.000000,0,0,0,0,0
260997.000,2268,E19,I/NAV,0.000000,0.000000,0.000000,0,0,0,0,0
261006.000,2268,E19,I/NAV,0.000000,0.000000,0.000000,0,0,0,0,0
261010.000,2268,E19,F/NAV,0.000000,0.000000,0.000000,0,0,0,0,0
261027.000,2268,E19,I/NAV,0.000000,0.000000,0.000000,0,0,0,0,0
261036.000,2268,E19,I/NAV,0.000000,0.000000,0.000000,0,0,0,0,0
261057.000,2268,E19,I/NAV,0.000000,0.000000,0.000000,0,0,0,0,0
261060.000,2268,E19,F/NAV,0.000000,0.000000,0.000000,0,0,0,0,0
261066.000,2268,E19,I/NAV,0.000000,0.000000,0.000000,0,0,0,0,0
261087.000,2268,E19,I/NAV,0.000000,0.000000,0.000000,0,0,0,0,0
261096.000,2268,E19,I/NAV,0.000000,0.000000,0.000000,0,0,0,0,0
261110.000,2268,E19,F/NAV,0.000000,0.000000,0.000000,0,0,0,0,0
261117.000,2268,E19,I/NAV,0.000000,0.000000,0.000000,0,0,0,0,0
261126.000,2268,E19,I/NAV,0.000000,0.000000,0.000000,0,0,0,0,0
261147.000,2268,E19,I/NAV,0.000000,0.000000,0.000000,0,0,0,0,0
261156.000,2268,E19,I/NAV,0.000000,0.000000,0.000000,0,0,0,0,0
261160.000,2268,E19,F/NAV,0.000000,0.000000,0.000000,0,0,0,0,0
261177.000,2268,E19,I/NAV,0.000000,0.000000,0.000000,0,0,0,0,0
261186.000,2268,E19,I/NAV,0.000000,0.000000,0.000000,0,0,0,0,0
261207.000,2268,E19,I/NAV,0.000000,0.000000,0.000000,0,0,0,0,0
261210.000,2268,E19,F/NAV,0.000000,0.000000,0.000000,0,0,0,0,0
261216.000,2268,E19,I/NAV,0.000000,0.000000,0.000000,0,0,0,0,0
261237.000,2268,E19,I/NAV,0.000000,0.000000,0.000000,0,0,0,0,0
261246.000,2268,E19,I/NAV,0.000000,0.000000,0.000000,0,0,0,0,0
261260.000,2268,E19,F/NAV,0.000000,0.000000,0.000000,0,0,0,0,0
261267.000,2268,E19,I/NAV,0.000000,0.000000,0.000000,0,0,0,0,0
261276.000,2268,E19,I/NAV,0.000000,0.000000,0.000000,0,0,0,0,0
261297.000,2268,E19,I/NAV,0.000000,0.000000,0.000000,0,0,0,0,0
261306.000,2268,E19,I/NAV,0.000000,0.000000,0.000000,0,0,0,0,0
261310.000,2268,E19,F/NAV,0.000000,0.000000,0.000000,0,0,0,0,0
261327.000,2268,E19,I/NAV,0.000000,0.000000,0.000000,0,0,0,0,0
261336.000,2268,E19,I/NAV,0.000000,0.000000,0.000000,0,0,0,0,0
261357.000,2268,E19,I/NAV,0.000000,0.000000,0.000000,0,0,0,0,0
261360.000,2268,E19,F/NAV,0.000000,0.000000,0.000000,0,0,0,0,0
261366.000,2268,E19,I/NAV,0.000000,0.000000,0.000000,0,0,0,0,0
261387.000,2268,E19,I/NAV,0.000000,0.000000,0.000000,0,0,0,0,0
261396.000,2268,E19,I/NAV,0.000000,0.000000,0.000000,0,0,0,0,0
261410.000,2268,E19,F/NAV,0.000000,0.000000,0.000000,0,0,0,0,0
261417.000,2268,E19,I/NAV,0.000000,0.000000,0.000000,0,0,0,0,0
261426.000,2268,E19,I/NAV,0.000000,0.000000,0.000000,0,0,0,0,0
261447.000,2268,E19,I/NAV,0.000000,0.000000,0.000000,0,0,0,0,0
261456.000,2268,E19,I/NAV,0.000000,0.000000,0.000000,0,0,0,0,0
261460.000,2268,E19,F/NAV,0.000000,0.000000,0.000000,0,0,0,0,0
261477.000,2268,E19,I/NAV,0.000000,0.000000,0.000000,0,0,0,0,0
261486.000,2268,E19,I/NAV,0.000000,0.000000,0.000000,0,0,0,0,0
261507.000,2268,E19,I/NAV,0.000000,0.000000,0.000000,0,0,0,0,0
261510.000,2268,E19,F/NAV,0.000000,0.000000,0.000000,0,0,0,0,0
261516.000,2268,E19,I/NAV,0.000000,0.000000,0.000000,0,0,0,0,0
261537.000,2268,E19,I/NAV,0.000000,0.000000,0.000000,0,0,0,0,0
261546.000,2268,E19,I/NAV,0.000000,0.000000,0.000000,0,0,0,0,0
261560.000,2268,E19,F/NAV,0.000000,0.000000,0.000000,0,0,0,0,0
261567.000,2268,E19,I/NAV,0.000000,0.000000,0.000000,0,0,0,0,0
261576.000,2268,E19,I/NAV,0.000000,0.000000,0.000000,0,0,0,0,0
261597.000,2268,E19,I/NAV,0.000000,0.000000,0.000000,0,0,0,0,0
261606.000,2268,E19,I/NAV,0.000000,0.000000,0.000000,0,0,0,0,0
261610.000,2268,E19,F/NAV,0.000000,0.000000,0.000000,0,0,0,0,0
261627.000,2268,E19,I/NAV,0.000000,0.000000,0.000000,0,0,0,0,0
261636.000,2268,E19,I/NAV,0.000000,0.000000,0.000000,0,0,0,0,0
261657.000,2268,E19,I/NAV,0.000000,0.000000,0.000000,0,0,0,0,0
261660.000,2268,E19,F/NAV,0.000000,0.000000,0.000000,0,0,0,0,0
261666.000,2268,E19,I/NAV,0.000000,0.000000,0.000000,0,0,0,0,0
261687.000,2268,E19,I/NAV,0.000000,0.000000,0.000000,0,0,0,0,0
261696.000,2268,E19,I/NAV,0.000000,0.000000,0.000000,0,0,0,0,0
261710.000,2268,E19,F/NAV,0.000000,0.000000,0.000000,0,0,0,0,0
261717.000,2268,E19,I/NAV,0.000000,0.000000,0.000000,0,0,0,0,0
261726.000,2268,E19,I/NAV,0.000000,0.000000,0.000000,0,0,0,0,0
261747.000,2268,E19,I/NAV,0.000000,0.000000,0.000000,0,0,0,0,0
261756.000,2268,E19,I/NAV,0.000000,0.000000,0.000000,0,0,0,0,0
261760.000,2268,E19,F/NAV,0.000000,0.000000,0.000000,0,0,0,0,0
261777.000,2268,E19,I/NAV,0.000000,0.000000,0.000000,0,0,0,0,0
261786.000,2268,E19,I/NAV,0.000000,0.000000,0.000000,0,0,0,0,0
261807.000,2268,E19,I/NAV,0.000000,0.000000,0.000000,0,0,0,0,0
261810.000,2268,E19,F/NAV,0.000000,0.000000,0.000000,0,0,0,0,0
261816.000,2268,E19,I/NAV,0.000000,0.000000,0.000000,0,0,0,0,0
261837.000,2268,E19,I/NAV,0.000000,0.000000,0.000000,0,0,0,0,0
261846.000,2268,E19,I/NAV,0.000000,0.000000,0.000000,0,0,0,0,0
261860.000,2268,E19,F/NAV,0.000000,0.000000,0.000000,0,0,0,0,0
261867.000,2268,E19,I/NAV,0.000000,0.000000,0.000000,0,0,0,0,0
261876.000,2268,E19,I/NAV,0.000000,0.000000,0.000000,0,0,0,0,0
261897.000,2268,E19,I/NAV,0.000000,0.000000,0.000000,0,0,0,0,0
261906.000,2268,E19,I/NAV,0.000000,0.000000,0.000000,0,0,0,0,0
261910.000,2268,E19,F/NAV,0.000000,0.000000,0.000000,0,0,0,0,0
261927.000,2268,E19,I/NAV,0.000000,0.000000,0.000000,0,0,0,0,0
261936.000,2268,E19,I/NAV,0.000000,0.000000,0.000000,0,0,0,0,0
261957.000,2268,E19,I/NAV,0.000000,0.000000,0.000000,0,0,0,0,0
261960.000,2268,E19,F/NAV,0.000000,0.000000,0.000000,0,0,0,0,0
261966.000,2268,E19,I/NAV,0.000000,0.000000,0.000000,0,0,0,0,0
261987.000,2268,E19,I/NAV,0.000000,0.000000,0.000000,0,0,0,0,0
261996.000,2268,E19,I/NAV,0.000000,0.000000,0.000000,0,0,0,0,0
262010.000,2268,E19,F/NAV,0.000000,0.000000,0.000000,0,0,0,0,0
262017.000,2268,E19,I/NAV,0.000000,0.000000,0.000000,0,0,0,0,0
262026.000,2268,E19,I/NAV,0.000000,0.000000,0.000000,0,0,0,0,0
262047.000,2268,E19,I/NAV,0.000000,0.000000,0.000000,0,0,0,0,0
262056.000,2268,E19,I/NAV,0.000000,0.000000,0.000000,0,0,0,0,0
262060.000,2268,E19,F/NAV,0.000000,0.000000,0.000000,0,0,0,0,0
262077.000,2268,E19,I/NAV,0.000000,0.000000,0.000000,0,0,0,0,0
262086.000,2268,E19,I/NAV,0.000000,0.000000,0.000000,0,0,0,0,0
262107.000,2268,E19,I/NAV,0.000000,0.000000,0.000000,0,0,0,0,0
262110.000,2268,E19,F/NAV,0.000000,0.000000,0.000000,0,0,0,0,0
262116.000,2268,E19,I/NAV,0.000000,0.000000,0.000000,0,0,0,0,0
262137.000,2268,E19,I/NAV,0.000000,0.000000,0.000000,0,0,0,0,0
262146.000,2268,E19,I/NAV,0.000000,0.000000,0.000000,0,0,0,0,0
262160.000,2268,E19,F/NAV,0.000000,0.000000,0.000000,0,0,0,0,0
262167.000,2268,E19,I/NAV,0.000000,0.000000,0.000000,0,0,0,0,0
262176.000,2268,E19,I/NAV,0.000000,0.000000,0.000000,0,0,0,0,0
262197.000,2268,E19,I/NAV,0.000000,0.000000,0.000000,0,0,0,0,0
262206.000,2268,E19,I/NAV,0.000000,0.000000,0.000000,0,0,0,0,0
262210.000,2268,E19,F/NAV,0.000000,0.000000,0.000000,0,0,0,0,0
262227.000,2268,E19,I/NAV,0.000000,0.000000,0.000000,0,0,0,0,0
262236.000,2268,E19,I/NAV,0.000000,0.000000,0.000000,0,0,0,0,0
262257.000,2268,E19,I/NAV,0.000000,0.000000,0.000000,0,0,0,0,0
262260.000,2268,E19,F/NAV,0.000000,0.000000,0.000000,0,0,0,0,0
262266.000,2268,E19,I/NAV,0.000000,0.000000,0.000000,0,0,0,0,0
262287.000,2268,E19,I/NAV,0.000000,0.000000,0.000000,0,0,0,0,0
262296.000,2268,E19,I/NAV,0.000000,0.000000,0.000000,0,0,0,0,0
262310.000,2268,E19,F/NAV,0.000000,0.000000,0.000000,0,0,0,0,0
262317.000,2268,E19,I/NAV,0.000000,0.000000,0.000000,0,0,0,0,0
262326.000,2268,E19,I/NAV,0.000000,0.000000,0.000000,0,0,0,0,0
262347.000,2268,E19,I/NAV,0.000000,0.000000,0.000000,0,0,0,0,0
262356.000,2268,E19,I/NAV,0.000000,0.000000,0.000000,0,0,0,0,0
262360.000,2268,E19,F/NAV,0.000000,0.000000,0.000000,0,0,0,0,0
262377.000,2268,E19,I/NAV,0.000000,0.000000,0.000000,0,0,0,0,0
262386.000,2268,E19,I/NAV,0.000000,0.000000,0.000000,0,0,0,0,0
262407.000,2268,E19,I/NAV,0.000000,0.000000,0.000000,0,0,0,0,0
262410.000,2268,E19,F/NAV,0.000000,0.000000,0.000000,0,0,0,0,0
262416.000,2268,E19,I/NAV,0.000000,0.000000,0.000000,0,0,0,0,0
262437.000,2268,E19,I/NAV,0.000000,0.000000,0.000000,0,0,0,0,0
262446.000,2268,E19,I/NAV,0.000000,0.000000,0.000000,0,0,0,0,0
262460.000,2268,E19,F/NAV,0.000000,0.000000,0.000000,0,0,0,0,0
262467.000,2268,E19,I/NAV,0.000000,0.000000,0.000000,0,0,0,0,0
262476.000,2268,E19,I/NAV,0.000000,0.000000,0.000000,0,0,0,0,0
262497.000,2268,E19,I/NAV,0.000000,0.000000,0.000000,0,0,0,0,0
262506.000,2268,E19,I/NAV,0.000000,0.000000,0.000000,0,0,0,0,0
262510.000,2268,E19,F/NAV,0.000000,0.000000,0.000000,0,0,0,0,0
262527.000,2268,E19,I/NAV,0.000000,0.000000,0.000000,0,0,0,0,0
262536.000,2268,E19,I/NAV,0.000000,0.000000,0.000000,0,0,0,0,0
262557.000,2268,E19,I/NAV,0.000000,0.000000,0.000000,0,0,0,0,0
262560.000,2268,E19,F/NAV,0.000000,0.000000,0.000000,0,0,0,0,0
262566.000,2268,E19,I/NAV,0.000000,0.000000,0.000000,0,0,0,0,0
262587.000,2268,E19,I/NAV,0.000000,0.000000,0.000000,0,0,0,0,0
262596.000,2268,E19,I/NAV,0.000000,0.000000,0.000000,0,0,0,0,0
262610.000,2268,E19,F/NAV,0.000000,0.000000,0.000000,0,0,0,0,0
262617.000,2268,E19,I/NAV,0.000000,0.000000,0.000000,0,0,0,0,0
262626.000,2268,E19,I/NAV,0.000000,0.000000,0.000000,0,0,0,0,0
262647.000,2268,E19,I/NAV,0.000000,0.000000,0.000000,0,0,0,0,0
262656.000,2268,E19,I/NAV,0.000000,0.000000,0.000000,0,0,0,0,0
262660.000,2268,E19,F/NAV,0.000000,0.000000,0.000000,0,0,0,0,0
262677.000,2268,E19,I/NAV,0.000000,0.000000,0.000000,0,0,0,0,0
262686.000,2268,E19,I/NAV,0.000000,0.000000,0.000000,0,0,0,0,0
262707.000,2268,E19,I/NAV,0.000000,0.000000,0.000000,0,0,0,0,0
262710.000,2268,E19,F/NAV,0.000000,0.000000,0.000000,0,0,0,0,0
262716.000,2268,E19,I/NAV,0.000000,0.000000,0.000000,0,0,0,0,0
262737.000,2268,E19,I/NAV,0.000000,0.000000,0.000000,0,0,0,0,0
262746.000,2268,E19,I/NAV,0.000000,0.000000,0.000000,0,0,0,0,0
262760.000,2268,E19,F/NAV,0.000000,0.000000,0.000000,0,0,0,0,0
262767.000,2268,E19,I/NAV,0.000000,0.000000,0.000000,0,0,0,0,0
262776.000,2268,E19,I/NAV,0.000000,0.000000,0.000000,0,0,0,0,0
262797.000,2268,E19,I/NAV,0.000000,0.000000,0.000000,0,0,0,0,0
262806.000,2268,E19,I/NAV,0.000000,0.000000,0.000000,0,0,0,0,0
262810.000,2268,E19,F/NAV,0.000000,0.000000,0.000000,0,0,0,0,0
262827.000,2268,E19,I/NAV,0.000000,0.000000,0.000000,0,0,0,0,0
262836.000,2268,E19,I/NAV,0.000000,0.000000,0.000000,0,0,0,0,0
262857.000,2268,E19,I/NAV,0.000000,0.000000,0.000000,0,0,0,0,0
262860.000,2268,E19,F/NAV,0.000000,0.000000,0.000000,0,0,0,0,0
262866.000,2268,E19,I/NAV,0.000000,0.000000,0.000000,0,0,0,0,0
262887.000,2268,E19,I/NAV,0.000000,0.000000,0.000000,0,0,0,0,0
262896.000,2268,E19,I/NAV,0.000000,0.000000,0.000000,0,0,0,0,0
262910.000,2268,E19,F/NAV,0.000000,0.000000,0.000000,0,0,0,0,0
262917.000,2268,E19,I/NAV,0.000000,0.000000,0.000000,0,0,0,0,0
262926.000,2268,E19,I/NAV,0.000000,0.000000,0.000000,0,0,0,0,0
262947.000,2268,E19,I/NAV,0.000000,0.000000,0.000000,0,0,0,0,0
262956.000,2268,E19,I/NAV,0.000000,0.000000,0.000000,0,0,0,0,0
262960.000,2268,E19,F/NAV,0.000000,0.000000,0.000000,0,0,0,0,0
262977.000,2268,E19,I/NAV,0.000000,0.000000,0.000000,0,0,0,0,0
262986.000,2268,E19,I/NAV,0.000000,0.000000,0.000000,0,0,0,0,0
263007.000,2268,E19,I/NAV,0.000000,0.000000,0.000000,0,0,0,0,0
263010.000,2268,E19,F/NAV,0.000000,0.000000,0.000000,0,0,0,0,0
263016.000,2268,E19,I/NAV,0.000000,0.000000,0.000000,0,0,0,0,0
263037.000,2268,E19,I/NAV,0.000000,0.000000,0.000000,0,0,0,0,0
263046.000,2268,E19,I/NAV,0.000000,0.000000,0.000000,0,0,0,0,0
263060.000,2268,E19,F/NAV,0.000000,0.000000,0.000000,0,0,0,0,0
263067.000,2268,E19,I/NAV,0.000000,0.000000,0.000000,0,0,0,0,0
263076.000,2268,E19,I/NAV,0.000000,0.000000,0.000000,0,0,0,0,0
263097.000,2268,E19,I/NAV,0.000000,0.000000,0.000000,0,0,0,0,0
263106.000,2268,E19,I/NAV,0.000000,0.000000,0.000000,0,0,0,0,0
263110.000,2268,E19,F/NAV,0.000000,0.000000,0.000000,0,0,0,0,0
263127.000,2268,E19,I/NAV,0.000000,0.000000,0.000000,0,0,0,0,0
263136.000,2268,E19,I/NAV,0.000000,0.000000,0.000000,0,0,0,0,0
263157.000,2268,E19,I/NAV,0.000000,0.000000,0.000000,0,0,0,0,0
263160.000,2268,E19,F/NAV,0.000000,0.000000,0.000000,0,0,0,0,0
263166.000,2268,E19,I/NAV,0.000000,0.000000,0.000000,0,0,0,0,0
263187.000,2268,E19,I/NAV,0.000000,0.000000,0.000000,0,0,0,0,0
263196.000,2268,E19,I/NAV,0.000000,0.000000,0.000000,0,0,0,0,0
263210.000,2268,E19,F/NAV,0.000000,0.000000,0.000000,0,0,0,0,0
263217.000,2268,E19,I/NAV,0.000000,0.000000,0.000000,0,0,0,0,0
263226.000,2268,E19,I/NAV,0.000000,0.000000,0.000000,0,0,0,0,0
263247.000,2268,E19,I/NAV,0.000000,0.000000,0.000000,0,0,0,0,0
263256.000,2268,E19,I/NAV,0.000000,0.000000,0.000000,0,0,0,0,0
263260.000,2268,E19,F/NAV,0.000000,0.000000,0.000000,0,0,0,0,0
263277.000,2268,E19,I/NAV,0.000000,0.000000,0.000000,0,0,0,0,0
263286.000,2268,E19,I/NAV,0.000000,0.000000,0.000000,0,0,0,0,0
263307.000,2268,E19,I/NAV,0.000000,0.000000,0.000000,0,0,0,0,0
263310.000,2268,E19,F/NAV,0.000000,0.000000,0.000000,0,0,0,0,0
263316.000,2268,E19,I/NAV,0.000000,0.000000,0.000000,0,0,0,0,0
263337.000,2268,E19,I/NAV,0.000000,0.000000,0.000000,0,0,0,0,0
263346.000,2268,E19,I/NAV,0.000000,0.000000,0.000000,0,0,0,0,0
263360.000,2268,E19,F/NAV,0.000000,0.000000,0.000000,0,0,0,0,0
263367.000,2268,E19,I/NAV,0.000000,0.000000,0.000000,0,0,0,0,0
263376.000,2268,E19,I/NAV,0.000000,0.000000,0.000000,0,0,0,0,0
263397.000,2268,E19,I/NAV,0.000000,0.000000,0.000000,0,0,0,0,0
263406.000,2268,E19,I/NAV,0.000000,0.000000,0.000000,0,0,0,0,0
263410.000,2268,E19,F/NAV,0.000000,0.000000,0.000000,0,0,0,0,0
263427.000,2268,E19,I/NAV,0.000000,0.000000,0.000000,0,0,0,0,0
263436.000,2268,E19,I/NAV,0.000000,0.000000,0.000000,0,0,0,0,0
263457.000,2268,E19,I/NAV,0.000000,0.000000,0.000000,0,0,0,0,0
263460.000,2268,E19,F/NAV,0.000000,0.000000,0.000000,0,0,0,0,0
263466.000,2268,E19,I/NAV,0.000000,0.000000,0.000000,0,0,0,0,0
263487.000,2268,E19,I/NAV,0.000000,0.000000,0.000000,0,0,0,0,0
263496.000,2268,E19,I/NAV,0.000000,0.000000,0.000000,0,0,0,0,0
263510.000,2268,E19,F/NAV,0.000000,0.000000,0.000000,0,0,0,0,0
263517.000,2268,E19,I/NAV,0.000000,0.000000,0.000000,0,0,0,0,0
263526.000,2268,E19,I/NAV,0.000000,0.000000,0.000000,0,0,0,0,0
263547.000,2268,E19,I/NAV,0.000000,0.000000,0.000000,0,0,0,0,0
263556.000,2268,E19,I/NAV,0.000000,0.000000,0.000000,0,0,0,0,0
263560.000,2268,E19,F/NAV,0.000000,0.000000,0.000000,0,0,0,0,0
263577.000,2268,E19,I/NAV,0.000000,0.000000,0.000000,0,0,0,0,0
263586.000,2268,E19,I/NAV,0.000000,0.000000,0.000000,0,0,0,0,0
263607.000,2268,E19,I/NAV,0.000000,0.000000,0.000000,0,0,0,0,0
263610.000,2268,E19,F/NAV,0.000000,0.000000,0.000000,0,0,0,0,0
263616.000,2268,E19,I/NAV,0.000000,0.000000,0.000000,0,0,0,0,0
263637.000,2268,E19,I/NAV,0.000000,0.000000,0.000000,0,0,0,0,0
263646.000,2268,E19,I/NAV,0.000000,0.000000,0.000000,0,0,0,0,0
263660.000,2268,E19,F/NAV,0.000000,0.000000,0.000000,0,0,0,0,0
263667.000,2268,E19,I/NAV,0.000000,0.000000,0.000000,0,0,0,0,0
263676.000,2268,E19,I/NAV,0.000000,0.000000,0.000000,0,0,0,0,0
263697.000,2268,E19,I/NAV,0.000000,0.000000,0.000000,0,0,0,0,0
263706.000,2268,E19,I/NAV,0.000000,0.000000,0.000000,0,0,0,0,0
263710.000,2268,E19,F/NAV,0.000000,0.000000,0.000000,0,0,0,0,0
263727.000,2268,E19,I/NAV,0.000000,0.000000,0.000000,0,0,0,0,0
263736.000,2268,E19,I/NAV,0.000000,0.000000,0.000000,0,0,0,0,0
263757.000,2268,E19,I/NAV,0.000000,0.000000,0.000000,0,0,0,0,0
263760.000,2268,E19,F/NAV,0.000000,0.000000,0.000000,0,0,0,0,0
263766.000,2268,E19,I/NAV,0.000000,0.000000,0.000000,0,0,0,0,0
263787.000,2268,E19,I/NAV,0.000000,0.000000,0.000000,0,0,0,0,0
263796.000,2268,E19,I/NAV,0.000000,0.000000,0.000000,0,0,0,0,0
263810.000,2268,E19,F/NAV,0.000000,0.000000,0.000000,0,0,0,0,0
263817.000,2268,E19,I/NAV,0.000000,0.000000,0.000000,0,0,0,0,0
263826.000,2268,E19,I/NAV,0.000000,0.000000,0.000000,0,0,0,0,0
263847.000,2268,E19,I/NAV,0.000000,0.000000,0.000000,0,0,0,0,0
263856.000,2268,E19,I/NAV,0.000000,0.000000,0.000000,0,0,0,0,0
263860.000,2268,E19,F/NAV,0.000000,0.000000,0.000000,0,0,0,0,0
263877.000,2268,E19,I/NAV,0.000000,0.000000,0.000000,0,0,0,0,0
263886.000,2268,E19,I/NAV,0.000000,0.000000,0.000000,0,0,0,0,0
263907.000,2268,E19,I/NAV,0.000000,0.000000,0.000000,0,0,0,0,0
263910.000,2268,E19,F/NAV,0.000000,0.000000,0.000000,0,0,0,0,0
263916.000,2268,E19,I/NAV,0.000000,0.000000,0.000000,0,0,0,0,0
263937.000,2268,E19,I/NAV,0.000000,0.000000,0.000000,0,0,0,0,0
263946.000,2268,E19,I/NAV,0.000000,0.000000,0.000000,0,0,0,0,0
263960.000,2268,E19,F/NAV,0.000000,0.000000,0.000000,0,0,0,0,0
263967.000,2268,E19,I/NAV,0.000000,0.000000,0.000000,0,0,0,0,0
263976.000,2268,E19,I/NAV,0.000000,0.000000,0.000000,0,0,0,0,0
263997.000,2268,E19,I/NAV,0.000000,0.000000,0.000000,0,0,0,0,0
264006.000,2268,E19,I/NAV,0.000000,0.000000,0.000000,0,0,0,0,0
264010.000,2268,E19,F/NAV,0.000000,0.000000,0.000000,0,0,0,0,0
264027.000,2268,E19,I/NAV,0.000000,0.000000,0.000000,0,0,0,0,0
264036.000,2268,E19,I/NAV,0.000000,0.000000,0.000000,0,0,0,0,0
264057.000,2268,E19,I/NAV,0.000000,0.000000,0.000000,0,0,0,0,0
264060.000,2268,E19,F/NAV,0.000000,0.000000,0.000000,0,0,0,0,0
264066.000,2268,E19,I/NAV,0.000000,0.000000,0.000000,0,0,0,0,0
264087.000,2268,E19,I/NAV,0.000000,0.000000,0.000000,0,0,0,0,0
264096.000,2268,E19,I/NAV,0.000000,0.000000,0.000000,0,0,0,0,0
264110.000,2268,E19,F/NAV,0.000000,0.000000,0.000000,0,0,0,0,0
264117.000,2268,E19,I/NAV,0.000000,0.000000,0.000000,0,0,0,0,0
264126.000,2268,E19,I/NAV,0.000000,0.000000,0.000000,0,0,0,0,0
264147.000,2268,E19,I/NAV,0.000000,0.000000,0.000000,0,0,0,0,0
264156.000,2268,E19,I/NAV,0.000000,0.000000,0.000000,0,0,0,0,0
264160.000,2268,E19,F/NAV,0.000000,0.000000,0.000000,0,0,0,0,0
264177.000,2268,E19,I/NAV,0.000000,0.000000,0.000000,0,0,0,0,0
264186.000,2268,E19,I/NAV,0.000000,0.000000,0.000000,0,0,0,0,0
264207.000,2268,E19,I/NAV,0.000000,0.000000,0.000000,0,0,0,0,0
264210.000,2268,E19,F/NAV,0.000000,0.000000,0.000000,0,0,0,0,0
264216.000,2268,E19,I/NAV,0.000000,0.000000,0.000000,0,0,0,0,0
264237.000,2268,E19,I/NAV,0.000000,0.000000,0.000000,0,0,0,0,0
264246.000,2268,E19,I/NAV,0.000000,0.000000,0.000000,0,0,0,0,0
264260.000,2268,E19,F/NAV,0.000000,0.000000,0.000000,0,0,0,0,0
264267.000,2268,E19,I/NAV,0.000000,0.000000,0.000000,0,0,0,0,0
264276.000,2268,E19,I/NAV,0.000000,0.000000,0.000000,0,0,0,0,0
264297.000,2268,E19,I/NAV,0.000000,0.000000,0.000000,0,0,0,0,0
264306.000,2268,E19,I/NAV,0.000000,0.000000,0.000000,0,0,0,0,0
264310.000,2268,E19,F/NAV,0.000000,0.000000,0.000000,0,0,0,0,0
264327.000,2268,E19,I/NAV,0.000000,0.000000,0.000000,0,0,0,0,0
264336.000,2268,E19,I/NAV,0.000000,0.000000,0.000000,0,0,0,0,0
264357.000,2268,E19,I/NAV,0.000000,0.000000,0.000000,0,0,0,0,0
264360.000,2268,E19,F/NAV,0.000000,0.000000,0.000000,0,0,0,0,0
264366.000,2268,E19,I/NAV,0.000000,0.000000,0.000000,0,0,0,0,0
264387.000,2268,E19,I/NAV,0.000000,0.000000,0.000000,0,0,0,0,0
264396.000,2268,E19,I/NAV,0.000000,0.000000,0.000000,0,0,0,0,0
264410.000,2268,E19,F/NAV,0.000000,0.000000,0.000000,0,0,0,0,0
264417.000,2268,E19,I/NAV,0.000000,0.000000,0.000000,0,0,0,0,0
264426.000,2268,E19,I/NAV,0.000000,0.000000,0.000000,0,0,0,0,0
264447.000,2268,E19,I/NAV,0.000000,0.000000,0.000000,0,0,0,0,0
264456.000,2268,E19,I/NAV,0.000000,0.000000,0.000000,0,0,0,0,0
264460.000,2268,E19,F/NAV,0.000000,0.000000,0.000000,0,0,0,0,0
264477.000,2268,E19,I/NAV,0.000000,0.000000,0.000000,0,0,0,0,0
264486.000,2268,E19,I/NAV,0.000000,0.000000,0.000000,0,0,0,0,0
264507.000,2268,E19,I/NAV,0.000000,0.000000,0.000000,0,0,0,0,0
264510.000,2268,E19,F/NAV,0.000000,0.000000,0.000000,0,0,0,0,0
264516.000,2268,E19,I/NAV,0.000000,0.000000,0.000000,0,0,0,0,0
264537.000,2268,E19,I/NAV,0.000000,0.000000,0.000000,0,0,0,0,0
264546.000,2268,E19,I/NAV,0.000000,0.000000,0.000000,0,0,0,0,0
264560.000,2268,E19,F/NAV,0.000000,0.000000,0.000000,0,0,0,0,0
264567.000,2268,E19,I/NAV,0.000000,0.000000,0.000000,0,0,0,0,0
264576.000,2268,E19,I/NAV,0.000000,0.000000,0.000000,0,0,0,0,0
264597.000,2268,E19,I/NAV,0.000000,0.000000,0.000000,0,0,0,0,0
264606.000,2268,E19,I/NAV,0.000000,0.000000,0.000000,0,0,0,0,0
264610.000,2268,E19,F/NAV,0.000000,0.000000,0.000000,0,0,0,0,0
264627.000,2268,E19,I/NAV,0.000000,0.000000,0.000000,0,0,0,0,0
264636.000,2268,E19,I/NAV,0.000000,0.000000,0.000000,0,0,0,0,0
264657.000,2268,E19,I/NAV,0.000000,0.000000,0.000000,0,0,0,0,0
264660.000,2268,E19,F/NAV,0.000000,0.000000,0.000000,0,0,0,0,0
264666.000,2268,E19,I/NAV,0.000000,0.000000,0.000000,0,0,0,0,0
264687.000,2268,E19,I/NAV,0.000000,0.000000,0.000000,0,0,0,0,0
264696.000,2268,E19,I/NAV,0.000000,0.000000,0.000000,0,0,0,0,0
264710.000,2268,E19,F/NAV,0.000000,0.000000,0.000000,0,0,0,0,0
264717.000,2268,E19,I/NAV,0.000000,0.000000,0.000000,0,0,0,0,0
264726.000,2268,E19,I/NAV,0.000000,0.000000,0.000000,0,0,0,0,0
264747.000,2268,E19,I/NAV,0.000000,0.000000,0.000000,0,0,0,0,0
264756.000,2268,E19,I/NAV,0.000000,0.000000,0.000000,0,0,0,0,0
264760.000,2268,E19,F/NAV,0.000000,0.000000,0.000000,0,0,0,0,0
264777.000,2268,E19,I/NAV,0.000000,0.000000,0.000000,0,0,0,0,0
264786.000,2268,E19,I/NAV,0.000000,0.000000,0.000000,0,0,0,0,0
264807.000,2268,E19,I/NAV,0.000000,0.000000,0.000000,0,0,0,0,0
264810.000,2268,E19,F/NAV,0.000000,0.000000,0.000000,0,0,0,0,0
264816.000,2268,E19,I/NAV,0.000000,0.000000,0.000000,0,0,0,0,0
264837.000,2268,E19,I/NAV,0.000000,0.000000,0.000000,0,0,0,0,0
264846.000,2268,E19,I/NAV,0.000000,0.000000,0.000000,0,0,0,0,0
264860.000,2268,E19,F/NAV,0.000000,0.000000,0.000000,0,0,0,0,0
264867.000,2268,E19,I/NAV,0.000000,0.000000,0.000000,0,0,0,0,0
264876.000,2268,E19,I/NAV,0.000000,0.000000,0.000000,0,0,0,0,0
264897.000,2268,E19,I/NAV,0.000000,0.000000,0.000000,0,0,0,0,0
264906.000,2268,E19,I/NAV,0.000000,0.000000,0.000000,0,0,0,0,0
264910.000,2268,E19,F/NAV,0.000000,0.000000,0.000000,0,0,0,0,0
264927.000,2268,E19,I/NAV,0.000000,0.000000,0.000000,0,0,0,0,0
264936.000,2268,E19,I/NAV,0.000000,0.000000,0.000000,0,0,0,0,0
264957.000,2268,E19,I/NAV,0.000000,0.000000,0.000000,0,0,0,0,0
264960.000,2268,E19,F/NAV,0.000000,0.000000,0.000000,0,0,0,0,0
264966.000,2268,E19,I/NAV,0.000000,0.000000,0.000000,0,0,0,0,0
264987.000,2268,E19,I/NAV,0.000000,0.000000,0.000000,0,0,0,0,0
264996.000,2268,E19,I/NAV,0.000000,0.000000,0.000000,0,0,0,0,0
265010.000,2268,E19,F/NAV,0.000000,0.000000,0.000000,0,0,0,0,0
265017.000,2268,E19,I/NAV,0.000000,0.000000,0.000000,0,0,0,0,0
265026.000,2268,E19,I/NAV,0.000000,0.000000,0.000000,0,0,0,0,0
265047.000,2268,E19,I/NAV,0.000000,0.000000,0.000000,0,0,0,0,0
265056.000,2268,E19,I/NAV,0.000000,0.000000,0.000000,0,0,0,0,0
265060.000,2268,E19,F/NAV,0.000000,0.000000,0.000000,0,0,0,0,0
265077.000,2268,E19,I/NAV,0.000000,0.000000,0.000000,0,0,0,0,0
265086.000,2268,E19,I/NAV,0.000000,0.000000,0.000000,0,0,0,0,0
265107.000,2268,E19,I/NAV,0.000000,0.000000,0.000000,0,0,0,0,0
265110.000,2268,E19,F/NAV,0.000000,0.000000,0.000000,0,0,0,0,0
265116.000,2268,E19,I/NAV,0.000000,0.000000,0.000000,0,0,0,0,0
265137.000,2268,E19,I/NAV,0.000000,0.000000,0.000000,0,0,0,0,0
265146.000,2268,E19,I/NAV,0.000000,0.000000,0.000000,0,0,0,0,0
265160.000,2268,E19,F/NAV,0.000000,0.000000,0.000000,0,0,0,0,0
265167.000,2268,E19,I/NAV,0.000000,0.000000,0.000000,0,0,0,0,0
265176.000,2268,E19,I/NAV,0.000000,0.000000,0.000000,0,0,0,0,0
265197.000,2268,E19,I/NAV,0.000000,0.000000,0.000000,0,0,0,0,0
265206.000,2268,E19,I/NAV,0.000000,0.000000,0.000000,0,0,0,0,0
265210.000,2268,E19,F/NAV,0.000000,0.000000,0.000000,0,0,0,0,0
265227.000,2268,E19,I/NAV,0.000000,0.000000,0.000000,0,0,0,0,0
265236.000,2268,E19,I/NAV,0.000000,0.000000,0.000000,0,0,0,0,0
265257.000,2268,E19,I/NAV,0.000000,0.000000,0.000000,0,0,0,0,0
265260.000,2268,E19,F/NAV,0.000000,0.000000,0.000000,0,0,0,0,0
265266.000,2268,E19,I/NAV,0.000000,0.000000,0.000000,0,0,0,0,0
265287.000,2268,E19,I/NAV,0.000000,0.000000,0.000000,0,0,0,0,0
265296.000,2268,E19,I/NAV,0.000000,0.000000,0.000000,0,0,0,0,0
265310.000,2268,E19,F/NAV,0.000000,0.000000,0.000000,0,0,0,0,0
265317.000,2268,E19,I/NAV,0.000000,0.000000,0.000000,0,0,0,0,0
265326.000,2268,E19,I/NAV,0.000000,0.000000,0.000000,0,0,0,0,0
265347.000,2268,E19,I/NAV,0.000000,0.000000,0.000000,0,0,0,0,0
265356.000,2268,E19,I/NAV,0.000000,0.000000,0.000000,0,0,0,0,0
265360.000,2268,E19,F/NAV,0.000000,0.000000,0.000000,0,0,0,0,0
265377.000,2268,E19,I/NAV,0.000000,0.000000,0.000000,0,0,0,0,0
265386.000,2268,E19,I/NAV,0.000000,0.000000,0.000000,0,0,0,0,0
265407.000,2268,E19,I/NAV,0.000000,0.000000,0.000000,0,0,0,0,0
265410.000,2268,E19,F/NAV,0.000000,0.000000,0.000000,0,0,0,0,0
265416.000,2268,E19,I/NAV,0.000000,0.000000,0.000000,0,0,0,0,0
265437.000,2268,E19,I/NAV,0.000000,0.000000,0.000000,0,0,0,0,0
265446.000,2268,E19,I/NAV,0.000000,0.000000,0.000000,0,0,0,0,0
265460.000,2268,E19,F/NAV,0.000000,0.000000,0.000000,0,0,0,0,0
265467.000,2268,E19,I/NAV,0.000000,0.000000,0.000000,0,0,0,0,0
265476.000,2268,E19,I/NAV,0.000000,0.000000,0.000000,0,0,0,0,0
265497.000,2268,E19,I/NAV,0.000000,0.000000,0.000000,0,0,0,0,0
265506.000,2268,E19,I/NAV,0.000000,0.000000,0.000000,0,0,0,0,0
265510.000,2268,E19,F/NAV,0.000000,0.000000,0.000000,0,0,0,0,0
265527.000,2268,E19,I/NAV,0.000000,0.000000,0.000000,0,0,0,0,0
265536.000,2268,E19,I/NAV,0.000000,0.000000,0.000000,0,0,0,0,0
265557.000,2268,E19,I/NAV,0.000000,0.000000,0.000000,0,0,0,0,0
265560.000,2268,E19,F/NAV,0.000000,0.000000,0.000000,0,0,0,0,0
265566.000,2268,E19,I/NAV,0.000000,0.000000,0.000000,0,0,0,0,0
265587.000,2268,E19,I/NAV,0.000000,0.000000,0.000000,0,0,0,0,0
265596.000,2268,E19,I/NAV,0.000000,0.000000,0.000000,0,0,0,0,0
265610.000,2268,E19,F/NAV,0.000000,0.000000,0.000000,0,0,0,0,0
265617.000,2268,E19,I/NAV,0.000000,0.000000,0.000000,0,0,0,0,0
265626.000,2268,E19,I/NAV,0.000000,0.000000,0.000000,0,0,0,0,0
265647.000,2268,E19,I/NAV,0.000000,0.000000,0.000000,0,0,0,0,0
265656.000,2268,E19,I/NAV,0.000000,0.000000,0.000000,0,0,0,0,0
265660.000,2268,E19,F/NAV,0.000000,0.000000,0.000000,0,0,0,0,0
265677.000,2268,E19,I/NAV,0.000000,0.000000,0.000000,0,0,0,0,0
265686.000,2268,E19,I/NAV,0.000000,0.000000,0.000000,0,0,0,0,0
265707.000,2268,E19,I/NAV,0.000000,0.000000,0.000000,0,0,0,0,0
265710.000,2268,E19,F/NAV,0.000000,0.000000,0.000000,0,0,0,0,0
265716.000,2268,E19,I/NAV,0.000000,0.000000,0.000000,0,0,0,0,0
265737.000,2268,E19,I/NAV,0.000000,0.000000,0.000000,0,0,0,0,0
265746.000,2268,E19,I/NAV,0.000000,0.000000,0.000000,0,0,0,0,0
265760.000,2268,E19,F/NAV,0.000000,0.000000,0.000000,0,0,0,0,0
265767.000,2268,E19,I/NAV,0.000000,0.000000,0.000000,0,0,0,0,0
265776.000,2268,E19,I/NAV,0.000000,0.000000,0.000000,0,0,0,0,0
265797.000,2268,E19,I/NAV,0.000000,0.000000,0.000000,0,0,0,0,0
265806.000,2268,E19,I/NAV,0.000000,0.000000,0.000000,0,0,0,0,0
265810.000,2268,E19,F/NAV,0.000000,0.000000,0.000000,0,0,0,0,0
265827.000,2268,E19,I/NAV,0.000000,0.000000,0.000000,0,0,0,0,0
265836.000,2268,E19,I/NAV,0.000000,0.000000,0.000000,0,0,0,0,0
265857.000,2268,E19,I/NAV,0.000000,0.000000,0.000000,0,0,0,0,0
265860.000,2268,E19,F/NAV,0.000000,0.000000,0.000000,0,0,0,0,0
265866.000,2268,E19,I/NAV,0.000000,0.000000,0.000000,0,0,0,0,0
265887.000,2268,E19,I/NAV,0.000000,0.000000,0.000000,0,0,0,0,0
265896.000,2268,E19,I/NAV,0.000000,0.000000,0.000000,0,0,0,0,0
265910.000,2268,E19,F/NAV,0.000000,0.000000,0.000000,0,0,0,0,0
265917.000,2268,E19,I/NAV,0.000000,0.000000,0.000000,0,0,0,0,0
265926.000,2268,E19,I/NAV,0.000000,0.000000,0.000000,0,0,0,0,0
265947.000,2268,E19,I/NAV,0.000000,0.000000,0.000000,0,0,0,0,0
265956.000,2268,E19,I/NAV,0.000000,0.000000,0.000000,0,0,0,0,0
265960.000,2268,E19,F/NAV,0.000000,0.000000,0.000000,0,0,0,0,0
265977.000,2268,E19,I/NAV,0.000000,0.000000,0.000000,0,0,0,0,0
265986.000,2268,E19,I/NAV,0.000000,0.000000,0.000000,0,0,0,0,0
266007.000,2268,E19,I/NAV,0.000000,0.000000,0.000000,0,0,0,0,0
266010.000,2268,E19,F/NAV,0.000000,0.000000,0.000000,0,0,0,0,0
266016.000,2268,E19,I/NAV,0.000000,0.000000,0.000000,0,0,0,0,0
266037.000,2268,E19,I/NAV,0.000000,0.000000,0.000000,0,0,0,0,0
266046.000,2268,E19,I/NAV,0.000000,0.000000,0.000000,0,0,0,0,0
266060.000,2268,E19,F/NAV,0.000000,0.000000,0.000000,0,0,0,0,0
266067.000,2268,E19,I/NAV,0.000000,0.000000,0.000000,0,0,0,0,0
266076.000,2268,E19,I/NAV,0.000000,0.000000,0.000000,0,0,0,0,0
266097.000,2268,E19,I/NAV,0.000000,0.000000,0.000000,0,0,0,0,0
266106.000,2268,E19,I/NAV,0.000000,0.000000,0.000000,0,0,0,0,0
266110.000,2268,E19,F/NAV,0.000000,0.000000,0.000000,0,0,0,0,0
266127.000,2268,E19,I/NAV,0.000000,0.000000,0.000000,0,0,0,0,0
266136.000,2268,E19,I/NAV,0.000000,0.000000,0.000000,0,0,0,0,0
266157.000,2268,E19,I/NAV,0.000000,0.000000,0.000000,0,0,0,0,0
266160.000,2268,E19,F/NAV,0.000000,0.000000,0.000000,0,0,0,0,0
266166.000,2268,E19,I/NAV,0.000000,0.000000,0.000000,0,0,0,0,0
266187.000,2268,E19,I/NAV,0.000000,0.000000,0.000000,0,0,0,0,0
266196.000,2268,E19,I/NAV,0.000000,0.000000,0.000000,0,0,0,0,0
266210.000,2268,E19,F/NAV,0.000000,0.000000,0.000000,0,0,0,0,0
266217.000,2268,E19,I/NAV,0.000000,0.000000,0.000000,0,0,0,0,0
266226.000,2268,E19,I/NAV,0.000000,0.000000,0.000000,0,0,0,0,0
266247.000,2268,E19,I/NAV,0.000000,0.000000,0.000000,0,0,0,0,0
266256.000,2268,E19,I/NAV,0.000000,0.000000,0.000000,0,0,0,0,0
266260.000,2268,E19,F/NAV,0.000000,0.000000,0.000000,0,0,0,0,0
266277.000,2268,E19,I/NAV,0.000000,0.000000,0.000000,0,0,0,0,0
266286.000,2268,E19,I/NAV,0.000000,0.000000,0.000000,0,0,0,0,0
266307.000,2268,E19,I/NAV,0.000000,0.000000,0.000000,0,0,0,0,0
266310.000,2268,E19,F/NAV,0.000000,0.000000,0.000000,0,0,0,0,0
266316.000,2268,E19,I/NAV,0.000000,0.000000,0.000000,0,0,0,0,0
266337.000,2268,E19,I/NAV,0.000000,0.000000,0.000000,0,0,0,0,0
266346.000,2268,E19,I/NAV,0.000000,0.000000,0.000000,0,0,0,0,0
266360.000,2268,E19,F/NAV,0.000000,0.000000,0.000000,0,0,0,0,0
266367.000,2268,E19,I/NAV,0.000000,0.000000,0.000000,0,0,0,0,0
266376.000,2268,E19,I/NAV,0.000000,0.000000,0.000000,0,0,0,0,0
266397.000,2268,E19,I/NAV,0.000000,0.000000,0.000000,0,0,0,0,0
