259237.000,2268,E19,I/NAV,0.000000000000000000,0.0000000000000000,259200,220,18,218,2,18
259256.000,2268,E19,I/NAV,0.000000000000000000,0.0000000000000000,259200,220,18,218,2,18
259267.000,2268,E19,I/NAV,0.000000000000000000,0.0000000000000000,259200,220,18,218,2,18
259286.000,2268,E19,I/NAV,0.000000000000000000,0.0000000000000000,259200,220,18,218,2,18
259290.000,2268,E19,F/NAV,0.000000000000000000,0.0000000000000000,259200,220,18,218,2,18
259297.000,2268,E19,I/NAV,0.000000000000000000,0.0000000000000000,259200,220,18,218,2,18
259316.000,2268,E19,I/NAV,0.000000000000000000,0.0000000000000000,259200,220,18,218,2,18
259327.000,2268,E19,I/NAV,0.000000000000000000,0.0000000000000000,259200,220,18,218,2,18
259340.000,2268,E19,F/NAV,0.000000000000000000,0.0000000000000000,259200,220,18,218,2,18
259346.000,2268,E19,I/NAV,0.000000000000000000,0.0000000000000000,259200,220,18,218,2,18
259357.000,2268,E19,I/NAV,0.000000000000000000,0.0000000000000000,259200,220,18,218,2,18
259376.000,2268,E19,I/NAV,0.000000000000000000,0.0000000000000000,259200,220,18,218,2,18
259387.000,2268,E19,I/NAV,0.000000000000000000,0.0000000000000000,259200,220,18,218,2,18
259390.000,2268,E19,F/NAV,0.000000000000000000,0.0000000000000000,259200,220,18,218,2,18
259406.000,2268,E19,I/NAV,0.000000000000000000,0.0000000000000000,259200,220,18,218,2,18
259417.000,2268,E19,I/NAV,0.000000000000000000,0.0000000000000000,259200,220,18,218,2,18
259436.000,2268,E19,I/NAV,0.000000000000000000,0.0000000000000000,259200,220,18,218,2,18
259440.000,2268,E19,F/NAV,0.000000000000000000,0.0000000000000000,259200,220,18,218,2,18
259447.000,2268,E19,I/NAV,0.000000000000000000,0.0000000000000000,259200,220,18,218,2,18
259466.000,2268,E19,I/NAV,0.000000000000000000,0.0000000000000000,259200,220,18,218,2,18
259477.000,2268,E19,I/NAV,0.000000000000000000,0.0000000000000000,259200,220,18,218,2,18
259490.000,2268,E19,F/NAV,0.000000000000000000,0.0000000000000000,259200,220,18,218,2,18
259496.000,2268,E19,I/NAV,0.000000000000000000,0.0000000000000000,259200,220,18,218,2,18
259507.000,2268,E19,I/NAV,0.000000000000000000,0.0000000000000000,259200,220,18,218,2,18
259526.000,2268,E19,I/NAV,0.000000000000000000,0.0000000000000000,259200,220,18,218,2,18
259537.000,2268,E19,I/NAV,0.000000000000000000,0.0000000000000000,259200,220,18,218,2,18
259540.000,2268,E19,F/NAV,0.000000000000000000,0.0000000000000000,259200,220,18,218,2,18
259556.000,2268,E19,I/NAV,0.000000000000000000,0.0000000000000000,259200,220,18,218,2,18
259567.000,2268,E19,I/NAV,0.000000000000000000,0.0000000000000000,259200,220,18,218,2,18
259586.000,2268,E19,I/NAV,0.000000000000000000,0.0000000000000000,259200,220,18,218,2,18
259590.000,2268,E19,F/NAV,0.000000000000000000,0.0000000000000000,259200,220,18,218,2,18
259597.000,2268,E19,I/NAV,0.000000000000000000,0.0000000000000000,259200,220,18,218,2,18
259616.000,2268,E19,I/NAV,0.000000000000000000,0.0000000000000000,259200,220,18,218,2,18
259627.000,2268,E19,I/NAV,0.000000000000000000,0.0000000000000000,259200,220,18,218,2,18
259640.000,2268,E19,F/NAV,0.000000000000000000,0.0000000000000000,259200,220,18,218,2,18
259646.000,2268,E19,I/NAV,0.000000000000000000,0.0000000000000000,259200,220,18,218,2,18
259657.000,2268,E19,I/NAV,0.000000000000000000,0.0000000000000000,259200,220,18,218,2,18
259676.000,2268,E19,I/NAV,0.000000000000000000,0.0000000000000000,259200,220,18,218,2,18
259687.000,2268,E19,I/NAV,0.000000000000000000,0.0000000000000000,259200,220,18,218,2,18
259690.000,2268,E19,F/NAV,0.000000000000000000,0.0000000000000000,259200,220,18,218,2,18
259706.000,2268,E19,I/NAV,0.000000000000000000,0.0000000000000000,259200,220,18,218,2,18
259717.000,2268,E19,I/NAV,0.000000000000000000,0.0000000000000000,259200,220,18,218,2,18
259736.000,2268,E19,I/NAV,0.000000000000000000,0.0000000000000000,259200,220,18,218,2,18
259740.000,2268,E19,F/NAV,0.000000000000000000,0.0000000000000000,259200,220,18,218,2,18
259747.000,2268,E19,I/NAV,0.000000000000000000,0.0000000000000000,259200,220,18,218,2,18
259766.000,2268,E19,I/NAV,0.000000000000000000,0.0000000000000000,259200,220,18,218,2,18
259777.000,2268,E19,I/NAV,0.000000000000000000,0.0000000000000000,259200,220,18,218,2,18
259790.000,2268,E19,F/NAV,0.000000000000000000,0.0000000000000000,259200,220,18,218,2,18
259796.000,2268,E19,I/NAV,0.000000000000000000,0.0000000000000000,259200,220,18,218,2,18
259807.000,2268,E19,I/NAV,0.000000000000000000,0.0000000000000000,259200,220,18,218,2,18
259826.000,2268,E19,I/NAV,0.000000000000000000,0.0000000000000000,259200,220,18,218,2,18
259837.000,2268,E19,I/NAV,0.000000000000000000,0.0000000000000000,259200,220,18,218,2,18
259840.000,2268,E19,F/NAV,0.000000000000000000,0.0000000000000000,259200,220,18,218,2,18
259856.000,2268,E19,I/NAV,0.000000000000000000,0.0000000000000000,259200,220,18,218,2,18
259867.000,2268,E19,I/NAV,0.000000000000000000,0.0000000000000000,259200,220,18,218,2,18
259886.000,2268,E19,I/NAV,0.000000000000000000,0.0000000000000000,259200,220,18,218,2,18
259890.000,2268,E19,F/NAV,0.000000000000000000,0.0000000000000000,259200,220,18,218,2,18
259897.000,2268,E19,I/NAV,0.000000000000000000,0.0000000000000000,259200,220,18,218,2,18
259916.000,2268,E19,I/NAV,0.000000000000000000,0.0000000000000000,259200,220,18,218,2,18
259927.000,2268,E19,I/NAV,0.000000000000000000,0.0000000000000000,259200,220,18,218,2,18
259940.000,2268,E19,F/NAV,0.000000000000000000,0.0000000000000000,259200,220,18,218,2,18
259946.000,2268,E19,I/NAV,0.000000000000000000,0.0000000000000000,259200,220,18,218,2,18
259957.000,2268,E19,I/NAV,0.000000000000000000,0.0000000000000000,259200,220,18,218,2,18
259976.000,2268,E19,I/NAV,0.000000000000000000,0.0000000000000000,259200,220,18,218,2,18
259987.000,2268,E19,I/NAV,0.000000000000000000,0.0000000000000000,259200,220,18,218,2,18
259990.000,2268,E19,F/NAV,0.000000000000000000,0.0000000000000000,259200,220,18,218,2,18
260006.000,2268,E19,I/NAV,0.000000000000000000,0.0000000000000000,259200,220,18,218,2,18
260017.000,2268,E19,I/NAV,0.000000000000000000,0.0000000000000000,259200,220,18,218,2,18
260036.000,2268,E19,I/NAV,0.000000000000000000,0.0000000000000000,259200,220,18,218,2,18
260040.000,2268,E19,F/NAV,0.000000000000000000,0.0000000000000000,259200,220,18,218,2,18
260047.000,2268,E19,I/NAV,0.000000000000000000,0.0000000000000000,259200,220,18,218,2,18
260066.000,2268,E19,I/NAV,0.000000000000000000,0.0000000000000000,259200,220,18,218,2,18
260077.000,2268,E19,I/NAV,0.000000000000000000,0.0000000000000000,259200,220,18,218,2,18
260090.000,2268,E19,F/NAV,0.000000000000000000,0.0000000000000000,259200,220,18,218,2,18
260096.000,2268,E19,I/NAV,0.000000000000000000,0.0000000000000000,259200,220,18,218,2,18
260107.000,2268,E19,I/NAV,0.000000000000000000,0.0000000000000000,259200,220,18,218,2,18
260126.000,2268,E19,I/NAV,0.000000000000000000,0.0000000000000000,259200,220,18,218,2,18
260137.000,2268,E19,I/NAV,0.000000000000000000,0.0000000000000000,259200,220,18,218,2,18
260140.000,2268,E19,F/NAV,0.000000000000000000,0.0000000000000000,259200,220,18,218,2,18
260156.000,2268,E19,I/NAV,0.000000000000000000,0.0000000000000000,259200,220,18,218,2,18
260167.000,2268,E19,I/NAV,0.000000000000000000,0.0000000000000000,259200,220,18,218,2,18
260186.000,2268,E19,I/NAV,0.000000000000000000,0.0000000000000000,259200,220,18,218,2,18
260190.000,2268,E19,F/NAV,0.000000000000000000,0.0000000000000000,259200,220,18,218,2,18
260197.000,2268,E19,I/NAV,0.000000000000000000,0.0000000000000000,259200,220,18,218,2,18
260216.000,2268,E19,I/NAV,0.000000000000000000,0.0000000000000000,259200,220,18,218,2,18
260227.000,2268,E19,I/NAV,0.000000000000000000,0.0000000000000000,259200,220,18,218,2,18
260240.000,2268,E19,F/NAV,0.000000000000000000,0.0000000000000000,259200,220,18,218,2,18
260246.000,2268,E19,I/NAV,0.000000000000000000,0.0000000000000000,259200,220,18,218,2,18
260257.000,2268,E19,I/NAV,0.000000000000000000,0.0000000000000000,259200,220,18,218,2,18
260276.000,2268,E19,I/NAV,0.000000000000000000,0.0000000000000000,259200,220,18,218,2,18
260287.000,2268,E19,I/NAV,0.000000000000000000,0.0000000000000000,259200,220,18,218,2,18
260290.000,2268,E19,F/NAV,0.000000000000000000,0.0000000000000000,259200,220,18,218,2,18
260306.000,2268,E19,I/NAV,0.000000000000000000,0.0000000000000000,259200,220,18,218,2,18
260317.000,2268,E19,I/NAV,0.000000000000000000,0.0000000000000000,259200,220,18,218,2,18
260336.000,2268,E19,I/NAV,0.000000000000000000,0.0000000000000000,259200,220,18,218,2,18
260340.000,2268,E19,F/NAV,0.000000000000000000,0.0000000000000000,259200,220,18,218,2,18
260347.000,2268,E19,I/NAV,0.000000000000000000,0.0000000000000000,259200,220,18,218,2,18
260366.000,2268,E19,I/NAV,0.000000000000000000,0.0000000000000000,259200,220,18,218,2,18
260377.000,2268,E19,I/NAV,0.000000000000000000,0.0000000000000000,259200,220,18,218,2,18
260390.000,2268,E19,F/NAV,0.000000000000000000,0.0000000000000000,259200,220,18,218,2,18
260396.000,2268,E19,I/NAV,0.000000000000000000,0.0000000000000000,259200,220,18,218,2,18
260407.000,2268,E19,I/NAV,0.000000000000000000,0.0000000000000000,259200,220,18,218,2,18
260426.000,2268,E19,I/NAV,0.000000000000000000,0.0000000000000000,259200,220,18,218,2,18
260437.000,2268,E19,I/NAV,0.000000000000000000,0.0000000000000000,259200,220,18,218,2,18
260440.000,2268,E19,F/NAV,0.000000000000000000,0.0000000000000000,259200,220,18,218,2,18
260456.000,2268,E19,I/NAV,0.000000000000000000,0.0000000000000000,259200,220,18,218,2,18
260467.000,2268,E19,I/NAV,0.000000000000000000,0.0000000000000000,259200,220,18,218,2,18
260486.000,2268,E19,I/NAV,0.000000000000000000,0.0000000000000000,259200,220,18,218,2,18
260490.000,2268,E19,F/NAV,0.000000000000000000,0.0000000000000000,259200,220,18,218,2,18
260497.000,2268,E19,I/NAV,0.000000000000000000,0.0000000000000000,259200,220,18,218,2,18
260516.000,2268,E19,I/NAV,0.000000000000000000,0.0000000000000000,259200,220,18,218,2,18
260527.000,2268,E19,I/NAV,0.000000000000000000,0.0000000000000000,259200,220,18,218,2,18
260540.000,2268,E19,F/NAV,0.000000000000000000,0.0000000000000000,259200,220,18,218,2,18
260546.000,2268,E19,I/NAV,0.000000000000000000,0.0000000000000000,259200,220,18,218,2,18
260557.000,2268,E19,I/NAV,0.000000000000000000,0.0000000000000000,259200,220,18,218,2,18
260576.000,2268,E19,I/NAV,0.000000000000000000,0.0000000000000000,259200,220,18,218,2,18
260587.000,2268,E19,I/NAV,0.000000000000000000,0.0000000000000000,259200,220,18,218,2,18
260590.000,2268,E19,F/NAV,0.000000000000000000,0.0000000000000000,259200,220,18,218,2,18
260606.000,2268,E19,I/NAV,0.000000000000000000,0.0000000000000000,259200,220,18,218,2,18
260617.000,2268,E19,I/NAV,0.000000000000000000,0.0000000000000000,259200,220,18,218,2,18
260636.000,2268,E19,I/NAV,0.000000000000000000,0.0000000000000000,259200,220,18,218,2,18
260640.000,2268,E19,F/NAV,0.000000000000000000,0.0000000000000000,259200,220,18,218,2,18
260647.000,2268,E19,I/NAV,0.000000000000000000,0.0000000000000000,259200,220,18,218,2,18
260666.000,2268,E19,I/NAV,0.000000000000000000,0.0000000000000000,259200,220,18,218,2,18
260677.000,2268,E19,I/NAV,0.000000000000000000,0.0000000000000000,259200,220,18,218,2,18
260690.000,2268,E19,F/NAV,0.000000000000000000,0.0000000000000000,259200,220,18,218,2,18
260696.000,2268,E19,I/NAV,0.000000000000000000,0.0000000000000000,259200,220,18,218,2,18
260707.000,2268,E19,I/NAV,0.000000000000000000,0.0000000000000000,259200,220,18,218,2,18
260726.000,2268,E19,I/NAV,0.000000000000000000,0.0000000000000000,259200,220,18,218,2,18
260737.000,2268,E19,I/NAV,0.000000000000000000,0.0000000000000000,259200,220,18,218,2,18
260740.000,2268,E19,F/NAV,0.000000000000000000,0.0000000000000000,259200,220,18,218,2,18
260756.000,2268,E19,I/NAV,0.000000000000000000,0.0000000000000000,259200,220,18,218,2,18
260767.000,2268,E19,I/NAV,0.000000000000000000,0.0000000000000000,259200,220,18,218,2,18
260786.000,2268,E19,I/NAV,0.000000000000000000,0.0000000000000000,259200,220,18,218,2,18
260790.000,2268,E19,F/NAV,0.000000000000000000,0.0000000000000000,259200,220,18,218,2,18
260797.000,2268,E19,I/NAV,0.000000000000000000,0.0000000000000000,259200,220,18,218,2,18
260816.000,2268,E19,I/NAV,0.000000000000000000,0.0000000000000000,259200,220,18,218,2,18
260827.000,2268,E19,I/NAV,0.000000000000000000,0.0000000000000000,259200,220,18,218,2,18
260840.000,2268,E19,F/NAV,0.000000000000000000,0.0000000000000000,259200,220,18,218,2,18
260846.000,2268,E19,I/NAV,0.000000000000000000,0.0000000000000000,259200,220,18,218,2,18
260857.000,2268,E19,I/NAV,0.000000000000000000,0.0000000000000000,259200,220,18,218,2,18
260876.000,2268,E19,I/NAV,0.000000000000000000,0.0000000000000000,259200,220,18,218,2,18
260887.000,2268,E19,I/NAV,0.000000000000000000,0.0000000000000000,259200,220,18,218,2,18
260890.000,2268,E19,F/NAV,0.000000000000000000,0.0000000000000000,259200,220,18,218,2,18
260906.000,2268,E19,I/NAV,0.000000000000000000,0.0000000000000000,259200,220,18,218,2,18
260917.000,2268,E19,I/NAV,0.000000000000000000,0.0000000000000000,259200,220,18,218,2,18
260936.000,2268,E19,I/NAV,0.000000000000000000,0.0000000000000000,259200,220,18,218,2,18
260940.000,2268,E19,F/NAV,0.000000000000000000,0.0000000000000000,259200,220,18,218,2,18
260947.000,2268,E19,I/NAV,0.000000000000000000,0.0000000000000000,259200,220,18,218,2,18
260966.000,2268,E19,I/NAV,0.000000000000000000,0.0000000000000000,259200,220,18,218,2,18
260977.000,2268,E19,I/NAV,0.000000000000000000,0.0000000000000000,259200,220,18,218,2,18
260990.000,2268,E19,F/NAV,0.000000000000000000,0.0000000000000000,259200,220,18,218,2,18
260996.000,2268,E19,I/NAV,0.000000000000000000,0.0000000000000000,259200,220,18,218,2,18
261007.000,2268,E19,I/NAV,0.000000000000000000,0.0000000000000000,259200,220,18,218,2,18
261026.000,2268,E19,I/NAV,0.000000000000000000,0.0000000000000000,259200,220,18,218,2,18
261037.000,2268,E19,I/NAV,0.000000000000000000,0.0000000000000000,259200,220,18,218,2,18
261040.000,2268,E19,F/NAV,0.000000000000000000,0.0000000000000000,259200,220,18,218,2,18
261056.000,2268,E19,I/NAV,0.000000000000000000,0.0000000000000000,259200,220,18,218,2,18
261067.000,2268,E19,I/NAV,0.000000000000000000,0.0000000000000000,259200,220,18,218,2,18
261086.000,2268,E19,I/NAV,0.000000000000000000,0.0000000000000000,259200,220,18,218,2,18
261090.000,2268,E19,F/NAV,0.000000000000000000,0.0000000000000000,259200,220,18,218,2,18
261097.000,2268,E19,I/NAV,0.000000000000000000,0.0000000000000000,259200,220,18,218,2,18
261116.000,2268,E19,I/NAV,0.000000000000000000,0.0000000000000000,259200,220,18,218,2,18
261127.000,2268,E19,I/NAV,0.000000000000000000,0.0000000000000000,259200,220,18,218,2,18
261140.000,2268,E19,F/NAV,0.000000000000000000,0.0000000000000000,259200,220,18,218,2,18
261146.000,2268,E19,I/NAV,0.000000000000000000,0.0000000000000000,259200,220,18,218,2,18
261157.000,2268,E19,I/NAV,0.000000000000000000,0.0000000000000000,259200,220,18,218,2,18
261176.000,2268,E19,I/NAV,0.000000000000000000,0.0000000000000000,259200,220,18,218,2,18
261187.000,2268,E19,I/NAV,0.000000000000000000,0.0000000000000000,259200,220,18,218,2,18
261190.000,2268,E19,F/NAV,0.000000000000000000,0.0000000000000000,259200,220,18,218,2,18
261206.000,2268,E19,I/NAV,0.000000000000000000,0.0000000000000000,259200,220,18,218,2,18
261217.000,2268,E19,I/NAV,0.000000000000000000,0.0000000000000000,259200,220,18,218,2,18
261236.000,2268,E19,I/NAV,0.000000000000000000,0.0000000000000000,259200,220,18,218,2,18
261240.000,2268,E19,F/NAV,0.000000000000000000,0.0000000000000000,259200,220,18,218,2,18
261247.000,2268,E19,I/NAV,0.000000000000000000,0.0000000000000000,259200,220,18,218,2,18
261266.000,2268,E19,I/NAV,0.000000000000000000,0.0000000000000000,259200,220,18,218,2,18
261277.000,2268,E19,I/NAV,0.000000000000000000,0.0000000000000000,259200,220,18,218,2,18
261290.000,2268,E19,F/NAV,0.000000000000000000,0.0000000000000000,259200,220,18,218,2,18
261296.000,2268,E19,I/NAV,0.000000000000000000,0.0000000000000000,259200,220,18,218,2,18
261307.000,2268,E19,I/NAV,0.000000000000000000,0.0000000000000000,259200,220,18,218,2,18
261326.000,2268,E19,I/NAV,0.000000000000000000,0.0000000000000000,259200,220,18,218,2,18
261337.000,2268,E19,I/NAV,0.000000000000000000,0.0000000000000000,259200,220,18,218,2,18
261340.000,2268,E19,F/NAV,0.000000000000000000,0.0000000000000000,259200,220,18,218,2,18
261356.000,2268,E19,I/NAV,0.000000000000000000,0.0000000000000000,259200,220,18,218,2,18
261367.000,2268,E19,I/NAV,0.000000000000000000,0.0000000000000000,259200,220,18,218,2,18
261386.000,2268,E19,I/NAV,0.000000000000000000,0.0000000000000000,259200,220,18,218,2,18
261390.000,2268,E19,F/NAV,0.000000000000000000,0.0000000000000000,259200,220,18,218,2,18
261397.000,2268,E19,I/NAV,0.000000000000000000,0.0000000000000000,259200,220,18,218,2,18
261416.000,2268,E19,I/NAV,0.000000000000000000,0.0000000000000000,259200,220,18,218,2,18
261427.000,2268,E19,I/NAV,0.000000000000000000,0.0000000000000000,259200,220,18,218,2,18
261440.000,2268,E19,F/NAV,0.000000000000000000,0.0000000000000000,259200,220,18,218,2,18
261446.000,2268,E19,I/NAV,0.000000000000000000,0.0000000000000000,259200,220,18,218,2,18
261457.000,2268,E19,I/NAV,0.000000000000000000,0.0000000000000000,259200,220,18,218,2,18
261476.000,2268,E19,I/NAV,0.000000000000000000,0.0000000000000000,259200,220,18,218,2,18
261487.000,2268,E19,I/NAV,0.000000000000000000,0.0000000000000000,259200,220,18,218,2,18
261490.000,2268,E19,F/NAV,0.000000000000000000,0.0000000000000000,259200,220,18,218,2,18
261506.000,2268,E19,I/NAV,0.000000000000000000,0.0000000000000000,259200,220,18,218,2,18
261517.000,2268,E19,I/NAV,0.000000000000000000,0.0000000000000000,259200,220,18,218,2,18
261536.000,2268,E19,I/NAV,0.000000000000000000,0.0000000000000000,259200,220,18,218,2,18
261540.000,2268,E19,F/NAV,0.000000000000000000,0.0000000000000000,259200,220,18,218,2,18
261547.000,2268,E19,I/NAV,0.000000000000000000,0.0000000000000000,259200,220,18,218,2,18
261566.000,2268,E19,I/NAV,0.000000000000000000,0.0000000000000000,259200,220,18,218,2,18
261577.000,2268,E19,I/NAV,0.000000000000000000,0.0000000000000000,259200,220,18,218,2,18
261590.000,2268,E19,F/NAV,0.000000000000000000,0.0000000000000000,259200,220,18,218,2,18
261596.000,2268,E19,I/NAV,0.000000000000000000,0.0000000000000000,259200,220,18,218,2,18
261607.000,2268,E19,I/NAV,0.000000000000000000,0.0000000000000000,259200,220,18,218,2,18
261626.000,2268,E19,I/NAV,0.000000000000000000,0.0000000000000000,259200,220,18,218,2,18
261637.000,2268,E19,I/NAV,0.000000000000000000,0.0000000000000000,259200,220,18,218,2,18
261640.000,2268,E19,F/NAV,0.000000000000000000,0.0000000000000000,259200,220,18,218,2,18
261656.000,2268,E19,I/NAV,0.000000000000000000,0.0000000000000000,259200,220,18,218,2,18
261667.000,2268,E19,I/NAV,0.000000000000000000,0.0000000000000000,259200,220,18,218,2,18
261686.000,2268,E19,I/NAV,0.000000000000000000,0.0000000000000000,259200,220,18,218,2,18
261690.000,2268,E19,F/NAV,0.000000000000000000,0.0000000000000000,259200,220,18,218,2,18
261697.000,2268,E19,I/NAV,0.000000000000000000,0.0000000000000000,259200,220,18,218,2,18
261716.000,2268,E19,I/NAV,0.000000000000000000,0.0000000000000000,259200,220,18,218,2,18
261727.000,2268,E19,I/NAV,0.000000000000000000,0.0000000000000000,259200,220,18,218,2,18
261740.000,2268,E19,F/NAV,0.000000000000000000,0.0000000000000000,259200,220,18,218,2,18
261746.000,2268,E19,I/NAV,0.000000000000000000,0.0000000000000000,259200,220,18,218,2,18
261757.000,2268,E19,I/NAV,0.000000000000000000,0.0000000000000000,259200,220,18,218,2,18
261776.000,2268,E19,I/NAV,0.000000000000000000,0.0000000000000000,259200,220,18,218,2,18
261787.000,2268,E19,I/NAV,0.000000000000000000,0.0000000000000000,259200,220,18,218,2,18
261790.000,2268,E19,F/NAV,0.000000000000000000,0.0000000000000000,259200,220,18,218,2,18
261806.000,2268,E19,I/NAV,0.000000000000000000,0.0000000000000000,259200,220,18,218,2,18
261817.000,2268,E19,I/NAV,0.000000000000000000,0.0000000000000000,259200,220,18,218,2,18
261836.000,2268,E19,I/NAV,0.000000000000000000,0.0000000000000000,259200,220,18,218,2,18
261840.000,2268,E19,F/NAV,0.000000000000000000,0.0000000000000000,259200,220,18,218,2,18
261847.000,2268,E19,I/NAV,0.000000000000000000,0.0000000000000000,259200,220,18,218,2,18
261866.000,2268,E19,I/NAV,0.000000000000000000,0.0000000000000000,259200,220,18,218,2,18
261877.000,2268,E19,I/NAV,0.000000000000000000,0.0000000000000000,259200,220,18,218,2,18
261890.000,2268,E19,F/NAV,0.000000000000000000,0.0000000000000000,259200,220,18,218,2,18
261896.000,2268,E19,I/NAV,0.000000000000000000,0.0000000000000000,259200,220,18,218,2,18
261907.000,2268,E19,I/NAV,0.000000000000000000,0.0000000000000000,259200,220,18,218,2,18
261926.000,2268,E19,I/NAV,0.000000000000000000,0.0000000000000000,259200,220,18,218,2,18
261937.000,2268,E19,I/NAV,0.000000000000000000,0.0000000000000000,259200,220,18,218,2,18
261940.000,2268,E19,F/NAV,0.000000000000000000,0.0000000000000000,259200,220,18,218,2,18
261956.000,2268,E19,I/NAV,0.000000000000000000,0.0000000000000000,259200,220,18,218,2,18
261967.000,2268,E19,I/NAV,0.000000000000000000,0.0000000000000000,259200,220,18,218,2,18
261986.000,2268,E19,I/NAV,0.000000000000000000,0.0000000000000000,259200,220,18,218,2,18
261990.000,2268,E19,F/NAV,0.000000000000000000,0.0000000000000000,259200,220,18,218,2,18
261997.000,2268,E19,I/NAV,0.000000000000000000,0.0000000000000000,259200,220,18,218,2,18
262016.000,2268,E19,I/NAV,0.000000000000000000,0.0000000000000000,259200,220,18,218,2,18
262027.000,2268,E19,I/NAV,0.000000000000000000,0.0000000000000000,259200,220,18,218,2,18
262040.000,2268,E19,F/NAV,0.000000000000000000,0.0000000000000000,259200,220,18,218,2,18
262046.000,2268,E19,I/NAV,0.000000000000000000,0.0000000000000000,259200,220,18,218,2,18
262057.000,2268,E19,I/NAV,0.000000000000000000,0.0000000000000000,259200,220,18,218,2,18
262076.000,2268,E19,I/NAV,0.000000000000000000,0.0000000000000000,259200,220,18,218,2,18
262087.000,2268,E19,I/NAV,0.000000000000000000,0.0000000000000000,259200,220,18,218,2,18
262090.000,2268,E19,F/NAV,0.000000000000000000,0.0000000000000000,259200,220,18,218,2,18
262106.000,2268,E19,I/NAV,0.000000000000000000,0.0000000000000000,259200,220,18,218,2,18
262117.000,2268,E19,I/NAV,0.000000000000000000,0.0000000000000000,259200,220,18,218,2,18
262136.000,2268,E19,I/NAV,0.000000000000000000,0.0000000000000000,259200,220,18,218,2,18
262140.000,2268,E19,F/NAV,0.000000000000000000,0.0000000000000000,259200,220,18,218,2,18
262147.000,2268,E19,I/NAV,0.000000000000000000,0.0000000000000000,259200,220,18,218,2,18
262166.000,2268,E19,I/NAV,0.000000000000000000,0.0000000000000000,259200,220,18,218,2,18
262177.000,2268,E19,I/NAV,0.000000000000000000,0.0000000000000000,259200,220,18,218,2,18
262190.000,2268,E19,F/NAV,0.000000000000000000,0.0000000000000000,259200,220,18,218,2,18
262196.000,2268,E19,I/NAV,0.000000000000000000,0.0000000000000000,259200,220,18,218,2,18
262207.000,2268,E19,I/NAV,0.000000000000000000,0.0000000000000000,259200,220,18,218,2,18
262226.000,2268,E19,I/NAV,0.000000000000000000,0.0000000000000000,259200,220,18,218,2,18
262237.000,2268,E19,I/NAV,0.000000000000000000,0.0000000000000000,259200,220,18,218,2,18
262240.000,2268,E19,F/NAV,0.000000000000000000,0.0000000000000000,259200,220,18,218,2,18
262256.000,2268,E19,I/NAV,0.000000000000000000,0.0000000000000000,259200,220,18,218,2,18
262267.000,2268,E19,I/NAV,0.000000000000000000,0.0000000000000000,259200,220,18,218,2,18
262286.000,2268,E19,I/NAV,0.000000000000000000,0.0000000000000000,259200,220,18,218,2,18
262290.000,2268,E19,F/NAV,0.000000000000000000,0.0000000000000000,259200,220,18,218,2,18
262297.000,2268,E19,I/NAV,0.000000000000000000,0.0000000000000000,259200,220,18,218,2,18
262316.000,2268,E19,I/NAV,0.000000000000000000,0.0000000000000000,259200,220,18,218,2,18
262327.000,2268,E19,I/NAV,0.000000000000000000,0.0000000000000000,259200,220,18,218,2,18
262340.000,2268,E19,F/NAV,0.000000000000000000,0.0000000000000000,259200,220,18,218,2,18
262346.000,2268,E19,I/NAV,0.000000000000000000,0.0000000000000000,259200,220,18,218,2,18
262357.000,2268,E19,I/NAV,0.000000000000000000,0.0000000000000000,259200,220,18,218,2,18
262376.000,2268,E19,I/NAV,0.000000000000000000,0.0000000000000000,259200,220,18,218,2,18
262387.000,2268,E19,I/NAV,0.000000000000000000,0.0000000000000000,259200,220,18,218,2,18
262390.000,2268,E19,F/NAV,0.000000000000000000,0.0000000000000000,259200,220,18,218,2,18
262406.000,2268,E19,I/NAV,0.000000000000000000,0.0000000000000000,259200,220,18,218,2,18
262417.000,2268,E19,I/NAV,0.000000000000000000,0.0000000000000000,259200,220,18,218,2,18
262436.000,2268,E19,I/NAV,0.000000000000000000,0.0000000000000000,259200,220,18,218,2,18
262440.000,2268,E19,F/NAV,0.000000000000000000,0.0000000000000000,259200,220,18,218,2,18
262447.000,2268,E19,I/NAV,0.000000000000000000,0.0000000000000000,259200,220,18,218,2,18
262466.000,2268,E19,I/NAV,0.000000000000000000,0.0000000000000000,259200,220,18,218,2,18
262477.000,2268,E19,I/NAV,0.000000000000000000,0.0000000000000000,259200,220,18,218,2,18
262490.000,2268,E19,F/NAV,0.000000000000000000,0.0000000000000000,259200,220,18,218,2,18
262496.000,2268,E19,I/NAV,0.000000000000000000,0.0000000000000000,259200,220,18,218,2,18
262507.000,2268,E19,I/NAV,0.000000000000000000,0.0000000000000000,259200,220,18,218,2,18
262526.000,2268,E19,I/NAV,0.000000000000000000,0.0000000000000000,259200,220,18,218,2,18
262537.000,2268,E19,I/NAV,0.000000000000000000,0.0000000000000000,259200,220,18,218,2,18
262540.000,2268,E19,F/NAV,0.000000000000000000,0.0000000000000000,259200,220,18,218,2,18
262556.000,2268,E19,I/NAV,0.000000000000000000,0.0000000000000000,259200,220,18,218,2,18
262567.000,2268,E19,I/NAV,0.000000000000000000,0.0000000000000000,259200,220,18,218,2,18
262586.000,2268,E19,I/NAV,0.000000000000000000,0.0000000000000000,259200,220,18,218,2,18
262590.000,2268,E19,F/NAV,0.000000000000000000,0.0000000000000000,259200,220,18,218,2,18
262597.000,2268,E19,I/NAV,0.000000000000000000,0.0000000000000000,259200,220,18,218,2,18
262616.000,2268,E19,I/NAV,0.000000000000000000,0.0000000000000000,259200,220,18,218,2,18
262627.000,2268,E19,I/NAV,0.000000000000000000,0.0000000000000000,259200,220,18,218,2,18
262640.000,2268,E19,F/NAV,0.000000000000000000,0.0000000000000000,259200,220,18,218,2,18
262646.000,2268,E19,I/NAV,0.000000000000000000,0.0000000000000000,259200,220,18,218,2,18
262657.000,2268,E19,I/NAV,0.000000000000000000,0.0000000000000000,259200,220,18,218,2,18
262676.000,2268,E19,I/NAV,0.000000000000000000,0.0000000000000000,259200,220,18,218,2,18
262687.000,2268,E19,I/NAV,0.000000000000000000,0.0000000000000000,259200,220,18,218,2,18
262690.000,2268,E19,F/NAV,0.000000000000000000,0.0000000000000000,259200,220,18,218,2,18
262706.000,2268,E19,I/NAV,0.000000000000000000,0.0000000000000000,259200,220,18,218,2,18
262717.000,2268,E19,I/NAV,0.000000000000000000,0.0000000000000000,259200,220,18,218,2,18
262736.000,2268,E19,I/NAV,0.000000000000000000,0.0000000000000000,259200,220,18,218,2,18
262740.000,2268,E19,F/NAV,0.000000000000000000,0.0000000000000000,259200,220,18,218,2,18
262747.000,2268,E19,I/NAV,0.000000000000000000,0.0000000000000000,259200,220,18,218,2,18
262766.000,2268,E19,I/NAV,0.000000000000000000,0.0000000000000000,259200,220,18,218,2,18
262777.000,2268,E19,I/NAV,0.000000000000000000,0.0000000000000000,259200,220,18,218,2,18
262790.000,2268,E19,F/NAV,0.000000000000000000,0.0000000000000000,259200,220,18,218,2,18
262796.000,2268,E19,I/NAV,0.000000000000000000,0.0000000000000000,259200,220,18,218,2,18
262807.000,2268,E19,I/NAV,0.000000000000000000,0.0000000000000000,262800,220,18,218,2,18
262826.000,2268,E19,I/NAV,0.000000000000000000,0.0000000000000000,262800,220,18,218,2,18
262837.000,2268,E19,I/NAV,0.000000000000000000,0.0000000000000000,262800,220,18,218,2,18
262840.000,2268,E19,F/NAV,0.000000000000000000,0.0000000000000000,262800,220,18,218,2,18
262856.000,2268,E19,I/NAV,0.000000000000000000,0.0000000000000000,262800,220,18,218,2,18
262867.000,2268,E19,I/NAV,0.000000000000000000,0.0000000000000000,262800,220,18,218,2,18
262886.000,2268,E19,I/NAV,0.000000000000000000,0.0000000000000000,262800,220,18,218,2,18
262890.000,2268,E19,F/NAV,0.000000000000000000,0.0000000000000000,262800,220,18,218,2,18
262897.000,2268,E19,I/NAV,0.000000000000000000,0.0000000000000000,262800,220,18,218,2,18
262916.000,2268,E19,I/NAV,0.000000000000000000,0.0000000000000000,262800,220,18,218,2,18
262927.000,2268,E19,I/NAV,0.000000000000000000,0.0000000000000000,262800,220,18,218,2,18
262940.000,2268,E19,F/NAV,0.000000000000000000,0.0000000000000000,262800,220,18,218,2,18
262946.000,2268,E19,I/NAV,0.000000000000000000,0.0000000000000000,262800,220,18,218,2,18
262957.000,2268,E19,I/NAV,0.000000000000000000,0.0000000000000000,262800,220,18,218,2,18
262976.000,2268,E19,I/NAV,0.000000000000000000,0.0000000000000000,262800,220,18,218,2,18
262987.000,2268,E19,I/NAV,0.000000000000000000,0.0000000000000000,262800,220,18,218,2,18
262990.000,2268,E19,F/NAV,0.000000000000000000,0.0000000000000000,262800,220,18,218,2,18
263006.000,2268,E19,I/NAV,0.000000000000000000,0.0000000000000000,262800,220,18,218,2,18
263017.000,2268,E19,I/NAV,0.000000000000000000,0.0000000000000000,262800,220,18,218,2,18
263036.000,2268,E19,I/NAV,0.000000000000000000,0.0000000000000000,262800,220,18,218,2,18
263040.000,2268,E19,F/NAV,0.000000000000000000,0.0000000000000000,262800,220,18,218,2,18
263047.000,2268,E19,I/NAV,0.000000000000000000,0.0000000000000000,262800,220,18,218,2,18
263066.000,2268,E19,I/NAV,0.000000000000000000,0.0000000000000000,262800,220,18,218,2,18
263077.000,2268,E19,I/NAV,0.000000000000000000,0.0000000000000000,262800,220,18,218,2,18
263090.000,2268,E19,F/NAV,0.000000000000000000,0.0000000000000000,262800,220,18,218,2,18
263096.000,2268,E19,I/NAV,0.000000000000000000,0.0000000000000000,262800,220,18,218,2,18
263107.000,2268,E19,I/NAV,0.000000000000000000,0.0000000000000000,262800,220,18,218,2,18
263126.000,2268,E19,I/NAV,0.000000000000000000,0.0000000000000000,262800,220,18,218,2,18
263137.000,2268,E19,I/NAV,0.000000000000000000,0.0000000000000000,262800,220,18,218,2,18
263140.000,2268,E19,F/NAV,0.000000000000000000,0.0000000000000000,262800,220,18,218,2,18
263156.000,2268,E19,I/NAV,0.000000000000000000,0.0000000000000000,262800,220,18,218,2,18
263167.000,2268,E19,I/NAV,0.000000000000000000,0.0000000000000000,262800,220,18,218,2,18
263186.000,2268,E19,I/NAV,0.000000000000000000,0.0000000000000000,262800,220,18,218,2,18
263190.000,2268,E19,F/NAV,0.000000000000000000,0.0000000000000000,262800,220,18,218,2,18
263197.000,2268,E19,I/NAV,0.000000000000000000,0.0000000000000000,262800,220,18,218,2,18
263216.000,2268,E19,I/NAV,0.000000000000000000,0.0000000000000000,262800,220,18,218,2,18
263227.000,2268,E19,I/NAV,0.000000000000000000,0.0000000000000000,262800,220,18,218,2,18
263240.000,2268,E19,F/NAV,0.000000000000000000,0.0000000000000000,262800,220,18,218,2,18
263246.000,2268,E19,I/NAV,0.000000000000000000,0.0000000000000000,262800,220,18,218,2,18
263257.000,2268,E19,I/NAV,0.000000000000000000,0.0000000000000000,262800,220,18,218,2,18
263276.000,2268,E19,I/NAV,0.000000000000000000,0.0000000000000000,262800,220,18,218,2,18
263287.000,2268,E19,I/NAV,0.000000000000000000,0.0000000000000000,262800,220,18,218,2,18
263290.000,2268,E19,F/NAV,0.000000000000000000,0.0000000000000000,262800,220,18,218,2,18
263306.000,2268,E19,I/NAV,0.000000000000000000,0.0000000000000000,262800,220,18,218,2,18
263317.000,2268,E19,I/NAV,0.000000000000000000,0.0000000000000000,262800,220,18,218,2,18
263336.000,2268,E19,I/NAV,0.000000000000000000,0.0000000000000000,262800,220,18,218,2,18
263340.000,2268,E19,F/NAV,0.000000000000000000,0.0000000000000000,262800,220,18,218,2,18
263347.000,2268,E19,I/NAV,0.000000000000000000,0.0000000000000000,262800,220,18,218,2,18
263366.000,2268,E19,I/NAV,0.000000000000000000,0.0000000000000000,262800,220,18,218,2,18
263377.000,2268,E19,I/NAV,0.000000000000000000,0.0000000000000000,262800,220,18,218,2,18
263390.000,2268,E19,F/NAV,0.000000000000000000,0.0000000000000000,262800,220,18,218,2,18
263396.000,2268,E19,I/NAV,0.000000000000000000,0.0000000000000000,262800,220,18,218,2,18
263407.000,2268,E19,I/NAV,0.000000000000000000,0.0000000000000000,262800,220,18,218,2,18
263426.000,2268,E19,I/NAV,0.000000000000000000,0.0000000000000000,262800,220,18,218,2,18
263437.000,2268,E19,I/NAV,0.000000000000000000,0.0000000000000000,262800,220,18,218,2,18
263440.000,2268,E19,F/NAV,0.000000000000000000,0.0000000000000000,262800,220,18,218,2,18
263456.000,2268,E19,I/NAV,0.000000000000000000,0.0000000000000000,262800,220,18,218,2,18
263467.000,2268,E19,I/NAV,0.000000000000000000,0.0000000000000000,262800,220,18,218,2,18
263486.000,2268,E19,I/NAV,0.000000000000000000,0.0000000000000000,262800,220,18,218,2,18
263490.000,2268,E19,F/NAV,0.000000000000000000,0.0000000000000000,262800,220,18,218,2,18
263497.000,2268,E19,I/NAV,0.000000000000000000,0.0000000000000000,262800,220,18,218,2,18
263516.000,2268,E19,I/NAV,0.000000000000000000,0.0000000000000000,262800,220,18,218,2,18
263527.000,2268,E19,I/NAV,0.000000000000000000,0.0000000000000000,262800,220,18,218,2,18
263540.000,2268,E19,F/NAV,0.000000000000000000,0.0000000000000000,262800,220,18,218,2,18
263546.000,2268,E19,I/NAV,0.000000000000000000,0.0000000000000000,262800,220,18,218,2,18
263557.000,2268,E19,I/NAV,0.000000000000000000,0.0000000000000000,262800,220,18,218,2,18
263576.000,2268,E19,I/NAV,0.000000000000000000,0.0000000000000000,262800,220,18,218,2,18
263587.000,2268,E19,I/NAV,0.000000000000000000,0.0000000000000000,262800,220,18,218,2,18
263590.000,2268,E19,F/NAV,0.000000000000000000,0.0000000000000000,262800,220,18,218,2,18
263606.000,2268,E19,I/NAV,0.000000000000000000,0.0000000000000000,262800,220,18,218,2,18
263617.000,2268,E19,I/NAV,0.000000000000000000,0.0000000000000000,262800,220,18,218,2,18
263636.000,2268,E19,I/NAV,0.000000000000000000,0.0000000000000000,262800,220,18,218,2,18
263640.000,2268,E19,F/NAV,0.000000000000000000,0.0000000000000000,262800,220,18,218,2,18
263647.000,2268,E19,I/NAV,0.000000000000000000,0.0000000000000000,262800,220,18,218,2,18
263666.000,2268,E19,I/NAV,0.000000000000000000,0.0000000000000000,262800,220,18,218,2,18
263677.000,2268,E19,I/NAV,0.000000000000000000,0.0000000000000000,262800,220,18,218,2,18
263690.000,2268,E19,F/NAV,0.000000000000000000,0.0000000000000000,262800,220,18,218,2,18
263696.000,2268,E19,I/NAV,0.000000000000000000,0.0000000000000000,262800,220,18,218,2,18
263707.000,2268,E19,I/NAV,0.000000000000000000,0.0000000000000000,262800,220,18,218,2,18
263726.000,2268,E19,I/NAV,0.000000000000000000,0.0000000000000000,262800,220,18,218,2,18
263737.000,2268,E19,I/NAV,0.000000000000000000,0.0000000000000000,262800,220,18,218,2,18
263740.000,2268,E19,F/NAV,0.000000000000000000,0.0000000000000000,262800,220,18,218,2,18
263756.000,2268,E19,I/NAV,0.000000000000000000,0.0000000000000000,262800,220,18,218,2,18
263767.000,2268,E19,I/NAV,0.000000000000000000,0.0000000000000000,262800,220,18,218,2,18
263786.000,2268,E19,I/NAV,0.000000000000000000,0.0000000000000000,262800,220,18,218,2,18
263790.000,2268,E19,F/NAV,0.000000000000000000,0.0000000000000000,262800,220,18,218,2,18
263797.000,2268,E19,I/NAV,0.000000000000000000,0.0000000000000000,262800,220,18,218,2,18
263816.000,2268,E19,I/NAV,0.000000000000000000,0.0000000000000000,262800,220,18,218,2,18
263827.000,2268,E19,I/NAV,0.000000000000000000,0.0000000000000000,262800,220,18,218,2,18
263840.000,2268,E19,F/NAV,0.000000000000000000,0.0000000000000000,262800,220,18,218,2,18
263846.000,2268,E19,I/NAV,0.000000000000000000,0.0000000000000000,262800,220,18,218,2,18
263857.000,2268,E19,I/NAV,0.000000000000000000,0.0000000000000000,262800,220,18,218,2,18
263876.000,2268,E19,I/NAV,0.000000000000000000,0.0000000000000000,262800,220,18,218,2,18
263887.000,2268,E19,I/NAV,0.000000000000000000,0.0000000000000000,262800,220,18,218,2,18
263890.000,2268,E19,F/NAV,0.000000000000000000,0.0000000000000000,262800,220,18,218,2,18
263906.000,2268,E19,I/NAV,0.000000000000000000,0.0000000000000000,262800,220,18,218,2,18
263917.000,2268,E19,I/NAV,0.000000000000000000,0.0000000000000000,262800,220,18,218,2,18
263936.000,2268,E19,I/NAV,0.000000000000000000,0.0000000000000000,262800,220,18,218,2,18
263940.000,2268,E19,F/NAV,0.000000000000000000,0.0000000000000000,262800,220,18,218,2,18
263947.000,2268,E19,I/NAV,0.000000000000000000,0.0000000000000000,262800,220,18,218,2,18
263966.000,2268,E19,I/NAV,0.000000000000000000,0.0000000000000000,262800,220,18,218,2,18
263977.000,2268,E19,I/NAV,0.000000000000000000,0.0000000000000000,262800,220,18,218,2,18
263990.000,2268,E19,F/NAV,0.000000000000000000,0.0000000000000000,262800,220,18,218,2,18
263996.000,2268,E19,I/NAV,0.000000000000000000,0.0000000000000000,262800,220,18,218,2,18
264007.000,2268,E19,I/NAV,0.000000000000000000,0.0000000000000000,262800,220,18,218,2,18
264026.000,2268,E19,I/NAV,0.000000000000000000,0.0000000000000000,262800,220,18,218,2,18
264037.000,2268,E19,I/NAV,0.000000000000000000,0.0000000000000000,262800,220,18,218,2,18
264040.000,2268,E19,F/NAV,0.000000000000000000,0.0000000000000000,262800,220,18,218,2,18
264056.000,2268,E19,I/NAV,0.000000000000000000,0.0000000000000000,262800,220,18,218,2,18
264067.000,2268,E19,I/NAV,0.000000000000000000,0.0000000000000000,262800,220,18,218,2,18
264086.000,2268,E19,I/NAV,0.000000000000000000,0.0000000000000000,262800,220,18,218,2,18
264090.000,2268,E19,F/NAV,0.000000000000000000,0.0000000000000000,262800,220,18,218,2,18
264097.000,2268,E19,I/NAV,0.000000000000000000,0.0000000000000000,262800,220,18,218,2,18
264116.000,2268,E19,I/NAV,0.000000000000000000,0.0000000000000000,262800,220,18,218,2,18
264127.000,2268,E19,I/NAV,0.000000000000000000,0.0000000000000000,262800,220,18,218,2,18
264140.000,2268,E19,F/NAV,0.000000000000000000,0.0000000000000000,262800,220,18,218,2,18
264146.000,2268,E19,I/NAV,0.000000000000000000,0.0000000000000000,262800,220,18,218,2,18
264157.000,2268,E19,I/NAV,0.000000000000000000,0.0000000000000000,262800,220,18,218,2,18
264176.000,2268,E19,I/NAV,0.000000000000000000,0.0000000000000000,262800,220,18,218,2,18
264187.000,2268,E19,I/NAV,0.000000000000000000,0.0000000000000000,262800,220,18,218,2,18
264190.000,2268,E19,F/NAV,0.000000000000000000,0.0000000000000000,262800,220,18,218,2,18
264206.000,2268,E19,I/NAV,0.000000000000000000,0.0000000000000000,262800,220,18,218,2,18
264217.000,2268,E19,I/NAV,0.000000000000000000,0.0000000000000000,262800,220,18,218,2,18
264236.000,2268,E19,I/NAV,0.000000000000000000,0.0000000000000000,262800,220,18,218,2,18
264240.000,2268,E19,F/NAV,0.000000000000000000,0.0000000000000000,262800,220,18,218,2,18
264247.000,2268,E19,I/NAV,0.000000000000000000,0.0000000000000000,262800,220,18,218,2,18
264266.000,2268,E19,I/NAV,0.000000000000000000,0.0000000000000000,262800,220,18,218,2,18
264277.000,2268,E19,I/NAV,0.000000000000000000,0.0000000000000000,262800,220,18,218,2,18
264290.000,2268,E19,F/NAV,0.000000000000000000,0.0000000000000000,262800,220,18,218,2,18
264296.000,2268,E19,I/NAV,0.000000000000000000,0.0000000000000000,262800,220,18,218,2,18
264307.000,2268,E19,I/NAV,0.000000000000000000,0.0000000000000000,262800,220,18,218,2,18
264326.000,2268,E19,I/NAV,0.000000000000000000,0.0000000000000000,262800,220,18,218,2,18
264337.000,2268,E19,I/NAV,0.000000000000000000,0.0000000000000000,262800,220,18,218,2,18
264340.000,2268,E19,F/NAV,0.000000000000000000,0.0000000000000000,262800,220,18,218,2,18
264356.000,2268,E19,I/NAV,0.000000000000000000,0.0000000000000000,262800,220,18,218,2,18
264367.000,2268,E19,I/NAV,0.000000000000000000,0.0000000000000000,262800,220,18,218,2,18
264386.000,2268,E19,I/NAV,0.000000000000000000,0.0000000000000000,262800,220,18,218,2,18
264390.000,2268,E19,F/NAV,0.000000000000000000,0.0000000000000000,262800,220,18,218,2,18
264397.000,2268,E19,I/NAV,0.000000000000000000,0.0000000000000000,262800,220,18,218,2,18
264416.000,2268,E19,I/NAV,0.000000000000000000,0.0000000000000000,262800,220,18,218,2,18
264427.000,2268,E19,I/NAV,0.000000000000000000,0.0000000000000000,262800,220,18,218,2,18
264440.000,2268,E19,F/NAV,0.000000000000000000,0.0000000000000000,262800,220,18,218,2,18
264446.000,2268,E19,I/NAV,0.000000000000000000,0.0000000000000000,262800,220,18,218,2,18
264457.000,2268,E19,I/NAV,0.000000000000000000,0.0000000000000000,262800,220,18,218,2,18
264476.000,2268,E19,I/NAV,0.000000000000000000,0.0000000000000000,262800,220,18,218,2,18
264487.000,2268,E19,I/NAV,0.000000000000000000,0.0000000000000000,262800,220,18,218,2,18
264490.000,2268,E19,F/NAV,0.000000000000000000,0.0000000000000000,262800,220,18,218,2,18
264506.000,2268,E19,I/NAV,0.000000000000000000,0.0000000000000000,262800,220,18,218,2,18
264517.000,2268,E19,I/NAV,0.000000000000000000,0.0000000000000000,262800,220,18,218,2,18
264536.000,2268,E19,I/NAV,0.000000000000000000,0.0000000000000000,262800,220,18,218,2,18
264540.000,2268,E19,F/NAV,0.000000000000000000,0.0000000000000000,262800,220,18,218,2,18
264547.000,2268,E19,I/NAV,0.000000000000000000,0.0000000000000000,262800,220,18,218,2,18
264566.000,2268,E19,I/NAV,0.000000000000000000,0.0000000000000000,262800,220,18,218,2,18
264577.000,2268,E19,I/NAV,0.000000000000000000,0.0000000000000000,262800,220,18,218,2,18
264590.000,2268,E19,F/NAV,0.000000000000000000,0.0000000000000000,262800,220,18,218,2,18
264596.000,2268,E19,I/NAV,0.000000000000000000,0.0000000000000000,262800,220,18,218,2,18
264607.000,2268,E19,I/NAV,0.000000000000000000,0.0000000000000000,262800,220,18,218,2,18
264626.000,2268,E19,I/NAV,0.000000000000000000,0.0000000000000000,262800,220,18,218,2,18
264637.000,2268,E19,I/NAV,0.000000000000000000,0.0000000000000000,262800,220,18,218,2,18
264640.000,2268,E19,F/NAV,0.000000000000000000,0.0000000000000000,262800,220,18,218,2,18
264656.000,2268,E19,I/NAV,0.000000000000000000,0.0000000000000000,262800,220,18,218,2,18
264667.000,2268,E19,I/NAV,0.000000000000000000,0.0000000000000000,262800,220,18,218,2,18
264686.000,2268,E19,I/NAV,0.000000000000000000,0.0000000000000000,262800,220,18,218,2,18
264690.000,2268,E19,F/NAV,0.000000000000000000,0.0000000000000000,262800,220,18,218,2,18
264697.000,2268,E19,I/NAV,0.000000000000000000,0.0000000000000000,262800,220,18,218,2,18
264716.000,2268,E19,I/NAV,0.000000000000000000,0.0000000000000000,262800,220,18,218,2,18
264727.000,2268,E19,I/NAV,0.000000000000000000,0.0000000000000000,262800,220,18,218,2,18
264740.000,2268,E19,F/NAV,0.000000000000000000,0.0000000000000000,262800,220,18,218,2,18
264746.000,2268,E19,I/NAV,0.000000000000000000,0.0000000000000000,262800,220,18,218,2,18
264757.000,2268,E19,I/NAV,0.000000000000000000,0.0000000000000000,262800,220,18,218,2,18
264776.000,2268,E19,I/NAV,0.000000000000000000,0.0000000000000000,262800,220,18,218,2,18
264787.000,2268,E19,I/NAV,0.000000000000000000,0.0000000000000000,262800,220,18,218,2,18
264790.000,2268,E19,F/NAV,0.000000000000000000,0.0000000000000000,262800,220,18,218,2,18
264806.000,2268,E19,I/NAV,0.000000000000000000,0.0000000000000000,262800,220,18,218,2,18
264817.000,2268,E19,I/NAV,0.000000000000000000,0.0000000000000000,262800,220,18,218,2,18
264836.000,2268,E19,I/NAV,0.000000000000000000,0.0000000000000000,262800,220,18,218,2,18
264840.000,2268,E19,F/NAV,0.000000000000000000,0.0000000000000000,262800,220,18,218,2,18
264847.000,2268,E19,I/NAV,0.000000000000000000,0.0000000000000000,262800,220,18,218,2,18
264866.000,2268,E19,I/NAV,0.000000000000000000,0.0000000000000000,262800,220,18,218,2,18
264877.000,2268,E19,I/NAV,0.000000000000000000,0.0000000000000000,262800,220,18,218,2,18
264890.000,2268,E19,F/NAV,0.000000000000000000,0.0000000000000000,262800,220,18,218,2,18
264896.000,2268,E19,I/NAV,0.000000000000000000,0.0000000000000000,262800,220,18,218,2,18
264907.000,2268,E19,I/NAV,0.000000000000000000,0.0000000000000000,262800,220,18,218,2,18
264926.000,2268,E19,I/NAV,0.000000000000000000,0.0000000000000000,262800,220,18,218,2,18
264937.000,2268,E19,I/NAV,0.000000000000000000,0.0000000000000000,262800,220,18,218,2,18
264940.000,2268,E19,F/NAV,0.000000000000000000,0.0000000000000000,262800,220,18,218,2,18
264956.000,2268,E19,I/NAV,0.000000000000000000,0.0000000000000000,262800,220,18,218,2,18
264967.000,2268,E19,I/NAV,0.000000000000000000,0.0000000000000000,262800,220,18,218,2,18
264986.000,2268,E19,I/NAV,0.000000000000000000,0.0000000000000000,262800,220,18,218,2,18
264990.000,2268,E19,F/NAV,0.000000000000000000,0.0000000000000000,262800,220,18,218,2,18
264997.000,2268,E19,I/NAV,0.000000000000000000,0.0000000000000000,262800,220,18,218,2,18
265016.000,2268,E19,I/NAV,0.000000000000000000,0.0000000000000000,262800,220,18,218,2,18
265027.000,2268,E19,I/NAV,0.000000000000000000,0.0000000000000000,262800,220,18,218,2,18
265040.000,2268,E19,F/NAV,0.000000000000000000,0.0000000000000000,262800,220,18,218,2,18
265046.000,2268,E19,I/NAV,0.000000000000000000,0.0000000000000000,262800,220,18,218,2,18
265057.000,2268,E19,I/NAV,0.000000000000000000,0.0000000000000000,262800,220,18,218,2,18
265076.000,2268,E19,I/NAV,0.000000000000000000,0.0000000000000000,262800,220,18,218,2,18
265087.000,2268,E19,I/NAV,0.000000000000000000,0.0000000000000000,262800,220,18,218,2,18
265090.000,2268,E19,F/NAV,0.000000000000000000,0.0000000000000000,262800,220,18,218,2,18
265106.000,2268,E19,I/NAV,0.000000000000000000,0.0000000000000000,262800,220,18,218,2,18
265117.000,2268,E19,I/NAV,0.000000000000000000,0.0000000000000000,262800,220,18,218,2,18
265136.000,2268,E19,I/NAV,0.000000000000000000,0.0000000000000000,262800,220,18,218,2,18
265140.000,2268,E19,F/NAV,0.000000000000000000,0.0000000000000000,262800,220,18,218,2,18
265147.000,2268,E19,I/NAV,0.000000000000000000,0.0000000000000000,262800,220,18,218,2,18
265166.000,2268,E19,I/NAV,0.000000000000000000,0.0000000000000000,262800,220,18,218,2,18
265177.000,2268,E19,I/NAV,0.000000000000000000,0.0000000000000000,262800,220,18,218,2,18
265190.000,2268,E19,F/NAV,0.000000000000000000,0.0000000000000000,262800,220,18,218,2,18
265196.000,2268,E19,I/NAV,0.000000000000000000,0.0000000000000000,262800,220,18,218,2,18
265207.000,2268,E19,I/NAV,0.000000000000000000,0.0000000000000000,262800,220,18,218,2,18
265226.000,2268,E19,I/NAV,0.000000000000000000,0.0000000000000000,262800,220,18,218,2,18
265237.000,2268,E19,I/NAV,0.000000000000000000,0.0000000000000000,262800,220,18,218,2,18
265240.000,2268,E19,F/NAV,0.000000000000000000,0.0000000000000000,262800,220,18,218,2,18
265256.000,2268,E19,I/NAV,0.000000000000000000,0.0000000000000000,262800,220,18,218,2,18
265267.000,2268,E19,I/NAV,0.000000000000000000,0.0000000000000000,262800,220,18,218,2,18
265286.000,2268,E19,I/NAV,0.000000000000000000,0.0000000000000000,262800,220,18,218,2,18
265290.000,2268,E19,F/NAV,0.000000000000000000,0.0000000000000000,262800,220,18,218,2,18
265297.000,2268,E19,I/NAV,0.000000000000000000,0.0000000000000000,262800,220,18,218,2,18
265316.000,2268,E19,I/NAV,0.000000000000000000,0.0000000000000000,262800,220,18,218,2,18
265327.000,2268,E19,I/NAV,0.000000000000000000,0.0000000000000000,262800,220,18,218,2,18
265340.000,2268,E19,F/NAV,0.000000000000000000,0.0000000000000000,262800,220,18,218,2,18
265346.000,2268,E19,I/NAV,0.000000000000000000,0.0000000000000000,262800,220,18,218,2,18
265357.000,2268,E19,I/NAV,0.000000000000000000,0.0000000000000000,262800,220,18,218,2,18
265376.000,2268,E19,I/NAV,0.000000000000000000,0.0000000000000000,262800,220,18,218,2,18
265387.000,2268,E19,I/NAV,0.000000000000000000,0.0000000000000000,262800,220,18,218,2,18
265390.000,2268,E19,F/NAV,0.000000000000000000,0.0000000000000000,262800,220,18,218,2,18
265406.000,2268,E19,I/NAV,0.000000000000000000,0.0000000000000000,262800,220,18,218,2,18
265417.000,2268,E19,I/NAV,0.000000000000000000,0.0000000000000000,262800,220,18,218,2,18
265436.000,2268,E19,I/NAV,0.000000000000000000,0.0000000000000000,262800,220,18,218,2,18
265440.000,2268,E19,F/NAV,0.000000000000000000,0.0000000000000000,262800,220,18,218,2,18
265447.000,2268,E19,I/NAV,0.000000000000000000,0.0000000000000000,262800,220,18,218,2,18
265466.000,2268,E19,I/NAV,0.000000000000000000,0.0000000000000000,262800,220,18,218,2,18
265477.000,2268,E19,I/NAV,0.000000000000000000,0.0000000000000000,262800,220,18,218,2,18
265490.000,2268,E19,F/NAV,0.000000000000000000,0.0000000000000000,262800,220,18,218,2,18
265496.000,2268,E19,I/NAV,0.000000000000000000,0.0000000000000000,262800,220,18,218,2,18
265507.000,2268,E19,I/NAV,0.000000000000000000,0.0000000000000000,262800,220,18,218,2,18
265526.000,2268,E19,I/NAV,0.000000000000000000,0.0000000000000000,262800,220,18,218,2,18
265537.000,2268,E19,I/NAV,0.000000000000000000,0.0000000000000000,262800,220,18,218,2,18
265540.000,2268,E19,F/NAV,0.000000000000000000,0.0000000000000000,262800,220,18,218,2,18
265556.000,2268,E19,I/NAV,0.000000000000000000,0.0000000000000000,262800,220,18,218,2,18
265567.000,2268,E19,I/NAV,0.000000000000000000,0.0000000000000000,262800,220,18,218,2,18
265586.000,2268,E19,I/NAV,0.000000000000000000,0.0000000000000000,262800,220,18,218,2,18
265590.000,2268,E19,F/NAV,0.000000000000000000,0.0000000000000000,262800,220,18,218,2,18
265597.000,2268,E19,I/NAV,0.000000000000000000,0.0000000000000000,262800,220,18,218,2,18
265616.000,2268,E19,I/NAV,0.000000000000000000,0.0000000000000000,262800,220,18,218,2,18
265627.000,2268,E19,I/NAV,0.000000000000000000,0.0000000000000000,262800,220,18,218,2,18
265640.000,2268,E19,F/NAV,0.000000000000000000,0.0000000000000000,262800,220,18,218,2,18
265646.000,2268,E19,I/NAV,0.000000000000000000,0.0000000000000000,262800,220,18,218,2,18
265657.000,2268,E19,I/NAV,0.000000000000000000,0.0000000000000000,262800,220,18,218,2,18
265676.000,2268,E19,I/NAV,0.000000000000000000,0.0000000000000000,262800,220,18,218,2,18
265687.000,2268,E19,I/NAV,0.000000000000000000,0.0000000000000000,262800,220,18,218,2,18
265690.000,2268,E19,F/NAV,0.000000000000000000,0.0000000000000000,262800,220,18,218,2,18
265706.000,2268,E19,I/NAV,0.000000000000000000,0.0000000000000000,262800,220,18,218,2,18
265717.000,2268,E19,I/NAV,0.000000000000000000,0.0000000000000000,262800,220,18,218,2,18
265736.000,2268,E19,I/NAV,0.000000000000000000,0.0000000000000000,262800,220,18,218,2,18
265740.000,2268,E19,F/NAV,0.000000000000000000,0.0000000000000000,262800,220,18,218,2,18
265747.000,2268,E19,I/NAV,0.000000000000000000,0.0000000000000000,262800,220,18,218,2,18
265766.000,2268,E19,I/NAV,0.000000000000000000,0.0000000000000000,262800,220,18,218,2,18
265777.000,2268,E19,I/NAV,0.000000000000000000,0.0000000000000000,262800,220,18,218,2,18
265790.000,2268,E19,F/NAV,0.000000000000000000,0.0000000000000000,262800,220,18,218,2,18
265796.000,2268,E19,I/NAV,0.000000000000000000,0.0000000000000000,262800,220,18,218,2,18
265807.000,2268,E19,I/NAV,0.000000000000000000,0.0000000000000000,262800,220,18,218,2,18
265826.000,2268,E19,I/NAV,0.000000000000000000,0.0000000000000000,262800,220,18,218,2,18
265837.000,2268,E19,I/NAV,0.000000000000000000,0.0000000000000000,262800,220,18,218,2,18
265840.000,2268,E19,F/NAV,0.000000000000000000,0.0000000000000000,262800,220,18,218,2,18
265856.000,2268,E19,I/NAV,0.000000000000000000,0.0000000000000000,262800,220,18,218,2,18
265867.000,2268,E19,I/NAV,0.000000000000000000,0.0000000000000000,262800,220,18,218,2,18
265886.000,2268,E19,I/NAV,0.000000000000000000,0.0000000000000000,262800,220,18,218,2,18
265890.000,2268,E19,F/NAV,0.000000000000000000,0.0000000000000000,262800,220,18,218,2,18
265897.000,2268,E19,I/NAV,0.000000000000000000,0.0000000000000000,262800,220,18,218,2,18
265916.000,2268,E19,I/NAV,0.000000000000000000,0.0000000000000000,262800,220,18,218,2,18
265927.000,2268,E19,I/NAV,0.000000000000000000,0.0000000000000000,262800,220,18,218,2,18
265940.000,2268,E19,F/NAV,0.000000000000000000,0.0000000000000000,262800,220,18,218,2,18
265946.000,2268,E19,I/NAV,0.000000000000000000,0.0000000000000000,262800,220,18,218,2,18
265957.000,2268,E19,I/NAV,0.000000000000000000,0.0000000000000000,262800,220,18,218,2,18
265976.000,2268,E19,I/NAV,0.000000000000000000,0.0000000000000000,262800,220,18,218,2,18
265987.000,2268,E19,I/NAV,0.000000000000000000,0.0000000000000000,262800,220,18,218,2,18
265990.000,2268,E19,F/NAV,0.000000000000000000,0.0000000000000000,262800,220,18,218,2,18
266006.000,2268,E19,I/NAV,0.000000000000000000,0.0000000000000000,262800,220,18,218,2,18
266017.000,2268,E19,I/NAV,0.000000000000000000,0.0000000000000000,262800,220,18,218,2,18
266036.000,2268,E19,I/NAV,0.000000000000000000,0.0000000000000000,262800,220,18,218,2,18
266040.000,2268,E19,F/NAV,0.000000000000000000,0.0000000000000000,262800,220,18,218,2,18
266047.000,2268,E19,I/NAV,0.000000000000000000,0.0000000000000000,262800,220,18,218,2,18
266066.000,2268,E19,I/NAV,0.000000000000000000,0.0000000000000000,262800,220,18,218,2,18
266077.000,2268,E19,I/NAV,0.000000000000000000,0.0000000000000000,262800,220,18,218,2,18
266090.000,2268,E19,F/NAV,0.000000000000000000,0.0000000000000000,262800,220,18,218,2,18
266096.000,2268,E19,I/NAV,0.000000000000000000,0.0000000000000000,262800,220,18,218,2,18
266107.000,2268,E19,I/NAV,0.000000000000000000,0.0000000000000000,262800,220,18,218,2,18
266126.000,2268,E19,I/NAV,0.000000000000000000,0.0000000000000000,262800,220,18,218,2,18
266137.000,2268,E19,I/NAV,0.000000000000000000,0.0000000000000000,262800,220,18,218,2,18
266140.000,2268,E19,F/NAV,0.000000000000000000,0.0000000000000000,262800,220,18,218,2,18
266156.000,2268,E19,I/NAV,0.000000000000000000,0.0000000000000000,262800,220,18,218,2,18
266167.000,2268,E19,I/NAV,0.000000000000000000,0.0000000000000000,262800,220,18,218,2,18
266186.000,2268,E19,I/NAV,0.000000000000000000,0.0000000000000000,262800,220,18,218,2,18
266190.000,2268,E19,F/NAV,0.000000000000000000,0.0000000000000000,262800,220,18,218,2,18
266197.000,2268,E19,I/NAV,0.000000000000000000,0.0000000000000000,262800,220,18,218,2,18
266216.000,2268,E19,I/NAV,0.000000000000000000,0.0000000000000000,262800,220,18,218,2,18
266227.000,2268,E19,I/NAV,0.000000000000000000,0.0000000000000000,262800,220,18,218,2,18
266240.000,2268,E19,F/NAV,0.000000000000000000,0.0000000000000000,262800,220,18,218,2,18
266246.000,2268,E19,I/NAV,0.000000000000000000,0.0000000000000000,262800,220,18,218,2,18
266257.000,2268,E19,I/NAV,0.000000000000000000,0.0000000000000000,262800,220,18,218,2,18
266276.000,2268,E19,I/NAV,0.000000000000000000,0.0000000000000000,262800,220,18,218,2,18
266287.000,2268,E19,I/NAV,0.000000000000000000,0.0000000000000000,262800,220,18,218,2,18
266290.000,2268,E19,F/NAV,0.000000000000000000,0.0000000000000000,262800,220,18,218,2,18
266306.000,2268,E19,I/NAV,0.000000000000000000,0.0000000000000000,262800,220,18,218,2,18
266317.000,2268,E19,I/NAV,0.000000000000000000,0.0000000000000000,262800,220,18,218,2,18
266336.000,2268,E19,I/NAV,0.000000000000000000,0.0000000000000000,262800,220,18,218,2,18
266340.000,2268,E19,F/NAV,0.000000000000000000,0.0000000000000000,262800,220,18,218,2,18
266347.000,2268,E19,I/NAV,0.000000000000000000,0.0000000000000000,262800,220,18,218,2,18
266366.000,2268,E19,I/NAV,0.000000000000000000,0.0000000000000000,262800,220,18,218,2,18
266377.000,2268,E19,I/NAV,0.000000000000000000,0.0000000000000000,262800,220,18,218,2,18
266390.000,2268,E19,F/NAV,0.000000000000000000,0.0000000000000000,262800,220,18,218,2,18
266396.000,2268,E19,I/NAV,0.000000000000000000,0.0000000000000000,262800,220,18,218,2,18
