259227.000,2268,E33,I/NAV,5440.5882,0.1111,0.0000,0.3111,0.0000,0.0000,0.0000,0.0000,0.0000,0.0000,0.0000,0.0000,0.0000,0.0000,0.0000,259200,259200,0.0000,0.0000,0.0000,2268,2268,48,1,0,0,1,0,0,0,0,0,0,0,0,0,0,0,0,,25,,0.000000000000,0.000000000000,,2
259227.000,2268,E32,I/NAV,5440.5882,0.1111,0.0000,0.3111,0.0000,0.0000,0.0000,0.0000,0.0000,0.0000,0.0000,0.0000,0.0000,0.0000,0.0000,259200,259200,0.0000,0.0000,0.0000,2268,2268,48,1,0,0,1,0,0,0,0,0,0,0,0,0,0,0,0,,25,,0.000000000000,0.000000000000,,2
259227.000,2268,E36,I/NAV,5440.5882,0.1111,0.0000,0.3111,0.0000,0.0000,0.0000,0.0000,0.0000,0.0000,0.0000,0.0000,0.0000,0.0000,0.0000,259200,259200,0.0000,0.0000,0.0000,2268,2268,48,1,0,0,1,0,0,0,0,0,0,0,0,0,0,0,0,,25,,0.000000000000,0.000000000000,,2
259227.000,2268,E35,I/NAV,5440.5882,0.1111,0.0000,0.3111,0.0000,0.0000,0.0000,0.0000,0.0000,0.0000,0.0000,0.0000,0.0000,0.0000,0.0000,259200,259200,0.0000,0.0000,0.0000,2268,2268,48,1,0,0,1,0,0,0,0,0,0,0,0,0,0,0,0,,25,,0.000000000000,0.000000000000,,2
259227.000,2268,E31,I/NAV,5440.5882,0.1111,0.0000,0.3111,0.0000,0.0000,0.0000,0.0000,0.0000,0.0000,0.0000,0.0000,0.0000,0.0000,0.0000,259200,259200,0.0000,0.0000,0.0000,2268,2268,48,1,0,0,1,0,0,0,0,0,0,0,0,0,0,0,0,,25,,0.000000000000,0.000000000000,,2
259227.000,2268,E02,I/NAV,5440.5882,0.1294,0.0000,0.3111,0.0000,0.1389,0.0000,0.0000,0.0000,0.0000,0.0000,0.0000,0.0000,0.0000,0.0000,259200,259200,0.0000,0.0000,0.0000,2268,2268,48,1,0,0,1,0,0,0,0,0,0,0,0,0,0,0,0,,25,,0.000000000000,0.000000000000,,2
259227.000,2268,E03,I/NAV,5440.5882,0.3794,0.0000,0.3111,0.0000,0.1389,0.0000,0.0000,0.0000,0.0000,0.0000,0.0000,0.0000,0.0000,0.0000,259200,259200,0.0000,0.0000,0.0000,2268,2268,48,1,0,0,1,0,0,0,0,0,0,0,0,0,0,0,0,,25,,0.000000000000,0.000000000000,,2
259227.000,2268,E25,I/NAV,5440.5882,0.0044,0.0000,0.3111,0.0000,0.1389,0.0000,0.0000,0.0000,0.0000,0.0000,0.0000,0.0000,0.0000,0.0000,259200,259200,0.0000,0.0000,0.0000,2268,2268,48,1,0,0,1,0,0,0,0,0,0,0,0,0,0,0,0,,25,,0.000000000000,0.000000000000,,2
259227.000,2268,E01,I/NAV,5440.5882,-0.1206,0.0000,0.3111,0.0000,0.1389,0.0000,0.0000,0.0000,0.0000,0.0000,0.0000,0.0000,0.0000,0.0000,259200,259200,0.0000,0.0000,0.0000,2268,2268,48,1,0,0,1,0,0,0,0,0,0,0,0,0,0,0,0,,25,,0.000000000000,0.000000000000,,2
259227.000,2268,E29,I/NAV,5440.5882,0.4211,0.0000,0.3111,0.0000,-0.5278,0.0000,0.0000,0.0000,0.0000,0.0000,0.0000,0.0000,0.0000,0.0000,259200,259200,0.0000,0.0000,0.0000,2268,2268,48,1,0,0,1,0,0,0,0,0,0,0,0,0,0,0,0,,25,,0.000000000000,0.000000000000,,2
259235.000,2268,E20,I/NAV,5440.5882,0.7961,0.0000,0.3111,0.0000,-0.5278,0.0000,0.0000,0.0000,0.0000,0.0000,0.0000,0.0000,0.0000,0.0000,259200,259200,0.0000,0.0000,0.0000,2268,2268,48,1,0,0,1,0,0,0,0,0,0,0,0,0,0,0,0,,25,,0.000000000000,0.000000000000,,2
259235.000,2268,E18,I/NAV,5440.5882,0.2961,0.0000,0.3111,0.0000,-0.5278,0.0000,0.0000,0.0000,0.0000,0.0000,0.0000,0.0000,0.0000,0.0000,259200,259200,0.0000,0.0000,0.0000,2268,2268,48,1,0,0,1,0,0,0,0,0,0,0,0,0,0,0,0,,25,,0.000000000000,0.000000000000,,2
259260.000,2268,E31,F/NAV,5440.5882,0.1111,0.0000,0.3111,0.0000,0.0000,0.0000,0.0000,0.0000,0.0000,0.0000,0.0000,0.0000,0.0000,0.0000,259200,259200,0.0000,0.0000,0.0000,2268,2268,48,0,0,0,0,0,0,1,0,0,0,0,0,0,0,0,0,25,,,0.000000000000,,,
259260.000,2268,E32,F/NAV,5440.5882,0.1111,0.0000,0.3111,0.0000,0.0000,0.0000,0.0000,0.0000,0.0000,0.0000,0.0000,0.0000,0.0000,0.0000,259200,259200,0.0000,0.0000,0.0000,2268,2268,48,0,0,0,0,0,0,1,0,0,0,0,0,0,0,0,0,25,,,0.000000000000,,,
259260.000,2268,E25,F/NAV,5440.5882,0.0044,0.0000,0.3111,0.0000,0.1389,0.0000,0.0000,0.0000,0.0000,0.0000,0.0000,0.0000,0.0000,0.0000,259200,259200,0.0000,0.0000,0.0000,2268,2268,48,0,0,0,0,0,0,1,0,0,0,0,0,0,0,0,0,25,,,0.000000000000,,,
259270.000,2268,E29,F/NAV,5440.5882,0.4211,0.0000,0.3111,0.0000,-0.5278,0.0000,0.0000,0.0000,0.0000,0.0000,0.0000,0.0000,0.0000,0.0000,259200,259200,0.0000,0.0000,0.0000,2268,2268,48,0,0,0,0,0,0,1,0,0,0,0,0,0,0,0,0,25,,,0.000000000000,,,
259270.000,2268,E33,F/NAV,5440.5882,0.1111,0.0000,0.3111,0.0000,0.0000,0.0000,0.0000,0.0000,0.0000,0.0000,0.0000,0.0000,0.0000,0.0000,259200,259200,0.0000,0.0000,0.0000,2268,2268,48,0,0,0,0,0,0,1,0,0,0,0,0,0,0,0,0,25,,,0.000000000000,,,
259270.000,2268,E35,F/NAV,5440.5882,0.1111,0.0000,0.3111,0.0000,0.0000,0.0000,0.0000,0.0000,0.0000,0.0000,0.0000,0.0000,0.0000,0.0000,259200,259200,0.0000,0.0000,0.0000,2268,2268,48,0,0,0,0,0,0,1,0,0,0,0,0,0,0,0,0,25,,,0.000000000000,,,
259270.000,2268,E36,F/NAV,5440.5882,0.1111,0.0000,0.3111,0.0000,0.0000,0.0000,0.0000,0.0000,0.0000,0.0000,0.0000,0.0000,0.0000,0.0000,259200,259200,0.0000,0.0000,0.0000,2268,2268,48,0,0,0,0,0,0,1,0,0,0,0,0,0,0,0,0,25,,,0.000000000000,,,
259270.000,2268,E02,F/NAV,5440.5882,0.1294,0.0000,0.3111,0.0000,0.1389,0.0000,0.0000,0.0000,0.0000,0.0000,0.0000,0.0000,0.0000,0.0000,259200,259200,0.0000,0.0000,0.0000,2268,2268,48,0,0,0,0,0,0,1,0,0,0,0,0,0,0,0,0,25,,,0.000000000000,,,
259270.000,2268,E03,F/NAV,5440.5882,0.3794,0.0000,0.3111,0.0000,0.1389,0.0000,0.0000,0.0000,0.0000,0.0000,0.0000,0.0000,0.0000,0.0000,259200,259200,0.0000,0.0000,0.0000,2268,2268,48,0,0,0,0,0,0,1,0,0,0,0,0,0,0,0,0,25,,,0.000000000000,,,
259270.000,2268,E01,F/NAV,5440.5882,-0.1206,0.0000,0.3111,0.0000,0.1389,0.0000,0.0000,0.0000,0.0000,0.0000,0.0000,0.0000,0.0000,0.0000,259200,259200,0.0000,0.0000,0.0000,2268,2268,48,0,0,0,0,0,0,1,0,0,0,0,0,0,0,0,0,25,,,0.000000000000,,,
259280.000,2268,E20,F/NAV,5440.5882,0.7961,0.0000,0.3111,0.0000,-0.5278,0.0000,0.0000,0.0000,0.0000,0.0000,0.0000,0.0000,0.0000,0.0000,259200,259200,0.0000,0.0000,0.0000,2268,2268,48,0,0,0,0,0,0,1,0,0,0,0,0,0,0,0,0,25,,,0.000000000000,,,
259280.000,2268,E18,F/NAV,5440.5882,0.2961,0.0000,0.3111,0.0000,-0.5278,0.0000,0.0000,0.0000,0.0000,0.0000,0.0000,0.0000,0.0000,0.0000,259200,259200,0.0000,0.0000,0.0000,2268,2268,48,0,0,0,0,0,0,1,0,0,0,0,0,0,0,0,0,25,,,0.000000000000,,,
259293.000,2268,E12,I/NAV,5440.5882,0.7128,0.0000,0.3111,0.0000,0.8056,0.0000,0.0000,0.0000,0.0000,0.0000,0.0000,0.0000,0.0000,0.0000,259200,259200,0.0000,0.0000,0.0000,2268,2268,48,1,0,0,1,0,0,0,0,0,0,0,0,0,0,0,0,,25,,0.000000000000,0.000000000000,,2
259317.000,2268,E19,I/NAV,5440.5882,0.5461,0.0000,0.3111,0.0000,-0.5278,0.0000,0.0000,0.0000,0.0000,0.0000,0.0000,0.0000,0.0000,0.0000,259200,259200,0.0000,0.0000,0.0000,2268,2268,48,1,0,0,1,0,0,0,0,0,0,0,0,0,0,0,0,,25,,0.000000000000,0.000000000000,,2
259317.000,2268,E34,I/NAV,5440.5882,0.1111,0.0000,0.3111,0.0000,0.0000,0.0000,0.0000,0.0000,0.0000,0.0000,0.0000,0.0000,0.0000,0.0000,259200,259200,0.0000,0.0000,0.0000,2268,2268,48,1,0,0,1,0,0,0,0,0,0,0,0,0,0,0,0,,25,,0.000000000000,0.000000000000,,2
259340.000,2268,E12,F/NAV,5440.5882,0.7128,0.0000,0.3111,0.0000,0.8056,0.0000,0.0000,0.0000,0.0000,0.0000,0.0000,0.0000,0.0000,0.0000,259200,259200,0.0000,0.0000,0.0000,2268,2268,48,0,0,0,0,0,0,1,0,0,0,0,0,0,0,0,0,25,,,0.000000000000,,,
259360.000,2268,E19,F/NAV,5440.5882,0.5461,0.0000,0.3111,0.0000,-0.5278,0.0000,0.0000,0.0000,0.0000,0.0000,0.0000,0.0000,0.0000,0.0000,259200,259200,0.0000,0.0000,0.0000,2268,2268,48,0,0,0,0,0,0,1,0,0,0,0,0,0,0,0,0,25,,,0.000000000000,,,
259360.000,2268,E34,F/NAV,5440.5882,0.1111,0.0000,0.3111,0.0000,0.0000,0.0000,0.0000,0.0000,0.0000,0.0000,0.0000,0.0000,0.0000,0.0000,259200,259200,0.0000,0.0000,0.0000,2268,2268,48,0,0,0,0,0,0,1,0,0,0,0,0,0,0,0,0,25,,,0.000000000000,,,
259416.000,2268,E13,I/NAV,5440.5882,0.9628,0.0000,0.3111,0.0000,0.8056,0.0000,0.0000,0.0000,0.0000,0.0000,0.0000,0.0000,0.0000,0.0000,259200,259200,0.0000,0.0000,0.0000,2268,2268,48,1,0,0,1,0,0,0,0,0,0,0,0,0,0,0,0,,25,,0.000000000000,0.000000000000,,2
259460.000,2268,E13,F/NAV,5440.5882,0.9628,0.0000,0.3111,0.0000,0.8056,0.0000,0.0000,0.0000,0.0000,0.0000,0.0000,0.0000,0.0000,0.0000,259200,259200,0.0000,0.0000,0.0000,2268,2268,48,0,0,0,0,0,0,1,0,0,0,0,0,0,0,0,0,25,,,0.000000000000,,,
259805.000,2268,E19,I/NAV,5440.5882,0.5698,0.0000,0.3111,0.0000,-0.5278,0.0000,0.0000,0.0000,0.0000,0.0000,0.0000,0.0000,0.0000,0.0000,259800,259800,0.0000,0.0000,0.0000,2268,2268,49,1,0,0,1,0,0,0,0,0,0,0,0,0,0,0,0,,25,,0.000000000000,0.000000000000,,2
259805.000,2268,E02,I/NAV,5440.5882,0.1531,0.0000,0.3111,0.0000,0.1389,0.0000,0.0000,0.0000,0.0000,0.0000,0.0000,0.0000,0.0000,0.0000,259800,259800,0.0000,0.0000,0.0000,2268,2268,49,1,0,0,1,0,0,0,0,0,0,0,0,0,0,0,0,,25,,0.000000000000,0.000000000000,,2
259805.000,2268,E25,I/NAV,5440.5882,0.0281,0.0000,0.3111,0.0000,0.1389,0.0000,0.0000,0.0000,0.0000,0.0000,0.0000,0.0000,0.0000,0.0000,259800,259800,0.0000,0.0000,0.0000,2268,2268,49,1,0,0,1,0,0,0,0,0,0,0,0,0,0,0,0,,25,,0.000000000000,0.000000000000,,2
259805.000,2268,E03,I/NAV,5440.5882,0.4031,0.0000,0.3111,0.0000,0.1389,0.0000,0.0000,0.0000,0.0000,0.0000,0.0000,0.0000,0.0000,0.0000,259800,259800,0.0000,0.0000,0.0000,2268,2268,49,1,0,0,1,0,0,0,0,0,0,0,0,0,0,0,0,,25,,0.000000000000,0.000000000000,,2
259805.000,2268,E18,I/NAV,5440.5882,0.3198,0.0000,0.3111,0.0000,-0.5278,0.0000,0.0000,0.0000,0.0000,0.0000,0.0000,0.0000,0.0000,0.0000,259800,259800,0.0000,0.0000,0.0000,2268,2268,49,1,0,0,1,0,0,0,0,0,0,0,0,0,0,0,0,,25,,0.000000000000,0.000000000000,,2
259805.000,2268,E20,I/NAV,5440.5882,0.8198,0.0000,0.3111,0.0000,-0.5278,0.0000,0.0000,0.0000,0.0000,0.0000,0.0000,0.0000,0.0000,0.0000,259800,259800,0.0000,0.0000,0.0000,2268,2268,49,1,0,0,1,0,0,0,0,0,0,0,0,0,0,0,0,,25,,0.000000000000,0.000000000000,,2
259805.000,2268,E33,I/NAV,5440.5882,0.1348,0.0000,0.3111,0.0000,0.0000,0.0000,0.0000,0.0000,0.0000,0.0000,0.0000,0.0000,0.0000,0.0000,259800,259800,0.0000,0.0000,0.0000,2268,2268,49,1,0,0,1,0,0,0,0,0,0,0,0,0,0,0,0,,25,,0.000000000000,0.000000000000,,2
259805.000,2268,E32,I/NAV,5440.5882,0.1348,0.0000,0.3111,0.0000,0.0000,0.0000,0.0000,0.0000,0.0000,0.0000,0.0000,0.0000,0.0000,0.0000,259800,259800,0.0000,0.0000,0.0000,2268,2268,49,1,0,0,1,0,0,0,0,0,0,0,0,0,0,0,0,,25,,0.000000000000,0.000000000000,,2
259805.000,2268,E36,I/NAV,5440.5882,0.1348,0.0000,0.3111,0.0000,0.0000,0.0000,0.0000,0.0000,0.0000,0.0000,0.0000,0.0000,0.0000,0.0000,259800,259800,0.0000,0.0000,0.0000,2268,2268,49,1,0,0,1,0,0,0,0,0,0,0,0,0,0,0,0,,25,,0.000000000000,0.000000000000,,2
259805.000,2268,E35,I/NAV,5440.5882,0.1348,0.0000,0.3111,0.0000,0.0000,0.0000,0.0000,0.0000,0.0000,0.0000,0.0000,0.0000,0.0000,0.0000,259800,259800,0.0000,0.0000,0.0000,2268,2268,49,1,0,0,1,0,0,0,0,0,0,0,0,0,0,0,0,,25,,0.000000000000,0.000000000000,,2
259805.000,2268,E12,I/NAV,5440.5882,0.7365,0.0000,0.3111,0.0000,0.8056,0.0000,0.0000,0.0000,0.0000,0.0000,0.0000,0.0000,0.0000,0.0000,259800,259800,0.0000,0.0000,0.0000,2268,2268,49,1,0,0,1,0,0,0,0,0,0,0,0,0,0,0,0,,25,,0.000000000000,0.000000000000,,2
259805.000,2268,E29,I/NAV,5440.5882,0.4448,0.0000,0.3111,0.0000,-0.5278,0.0000,0.0000,0.0000,0.0000,0.0000,0.0000,0.0000,0.0000,0.0000,259800,259800,0.0000,0.0000,0.0000,2268,2268,49,1,0,0,1,0,0,0,0,0,0,0,0,0,0,0,0,,25,,0.000000000000,0.000000000000,,2
259805.000,2268,E31,I/NAV,5440.5882,0.1348,0.0000,0.3111,0.0000,0.0000,0.0000,0.0000,0.0000,0.0000,0.0000,0.0000,0.0000,0.0000,0.0000,259800,259800,0.0000,0.0000,0.0000,2268,2268,49,1,0,0,1,0,0,0,0,0,0,0,0,0,0,0,0,,25,,0.000000000000,0.000000000000,,2
259805.000,2268,E34,I/NAV,5440.5882,0.1348,0.0000,0.3111,0.0000,0.0000,0.0000,0.0000,0.0000,0.0000,0.0000,0.0000,0.0000,0.0000,0.0000,259800,259800,0.0000,0.0000,0.0000,2268,2268,49,1,0,0,1,0,0,0,0,0,0,0,0,0,0,0,0,,25,,0.000000000000,0.000000000000,,2
259805.000,2268,E13,I/NAV,5440.5882,0.9865,0.0000,0.3111,0.0000,0.8056,0.0000,0.0000,0.0000,0.0000,0.0000,0.0000,0.0000,0.0000,0.0000,259800,259800,0.0000,0.0000,0.0000,2268,2268,49,1,0,0,1,0,0,0,0,0,0,0,0,0,0,0,0,,25,,0.000000000000,0.000000000000,,2
259805.000,2268,E01,I/NAV,5440.5882,-0.0969,0.0000,0.3111,0.0000,0.1389,0.0000,0.0000,0.0000,0.0000,0.0000,0.0000,0.0000,0.0000,0.0000,259800,259800,0.0000,0.0000,0.0000,2268,2268,49,1,0,0,1,0,0,0,0,0,0,0,0,0,0,0,0,,25,,0.000000000000,0.000000000000,,2
259840.000,2268,E19,F/NAV,5440.5882,0.5698,0.0000,0.3111,0.0000,-0.5278,0.0000,0.0000,0.0000,0.0000,0.0000,0.0000,0.0000,0.0000,0.0000,259800,259800,0.0000,0.0000,0.0000,2268,2268,49,0,0,0,0,0,0,1,0,0,0,0,0,0,0,0,0,25,,,0.000000000000,,,
259840.000,2268,E29,F/NAV,5440.5882,0.4448,0.0000,0.3111,0.0000,-0.5278,0.0000,0.0000,0.0000,0.0000,0.0000,0.0000,0.0000,0.0000,0.0000,259800,259800,0.0000,0.0000,0.0000,2268,2268,49,0,0,0,0,0,0,1,0,0,0,0,0,0,0,0,0,25,,,0.000000000000,,,
259840.000,2268,E31,F/NAV,5440.5882,0.1348,0.0000,0.3111,0.0000,0.0000,0.0000,0.0000,0.0000,0.0000,0.0000,0.0000,0.0000,0.0000,0.0000,259800,259800,0.0000,0.0000,0.0000,2268,2268,49,0,0,0,0,0,0,1,0,0,0,0,0,0,0,0,0,25,,,0.000000000000,,,
259840.000,2268,E32,F/NAV,5440.5882,0.1348,0.0000,0.3111,0.0000,0.0000,0.0000,0.0000,0.0000,0.0000,0.0000,0.0000,0.0000,0.0000,0.0000,259800,259800,0.0000,0.0000,0.0000,2268,2268,49,0,0,0,0,0,0,1,0,0,0,0,0,0,0,0,0,25,,,0.000000000000,,,
259840.000,2268,E33,F/NAV,5440.5882,0.1348,0.0000,0.3111,0.0000,0.0000,0.0000,0.0000,0.0000,0.0000,0.0000,0.0000,0.0000,0.0000,0.0000,259800,259800,0.0000,0.0000,0.0000,2268,2268,49,0,0,0,0,0,0,1,0,0,0,0,0,0,0,0,0,25,,,0.000000000000,,,
259840.000,2268,E35,F/NAV,5440.5882,0.1348,0.0000,0.3111,0.0000,0.0000,0.0000,0.0000,0.0000,0.0000,0.0000,0.0000,0.0000,0.0000,0.0000,259800,259800,0.0000,0.0000,0.0000,2268,2268,49,0,0,0,0,0,0,1,0,0,0,0,0,0,0,0,0,25,,,0.000000000000,,,
259840.000,2268,E36,F/NAV,5440.5882,0.1348,0.0000,0.3111,0.0000,0.0000,0.0000,0.0000,0.0000,0.0000,0.0000,0.0000,0.0000,0.0000,0.0000,259800,259800,0.0000,0.0000,0.0000,2268,2268,49,0,0,0,0,0,0,1,0,0,0,0,0,0,0,0,0,25,,,0.000000000000,,,
259840.000,2268,E34,F/NAV,5440.5882,0.1348,0.0000,0.3111,0.0000,0.0000,0.0000,0.0000,0.0000,0.0000,0.0000,0.0000,0.0000,0.0000,0.0000,259800,259800,0.0000,0.0000,0.0000,2268,2268,49,0,0,0,0,0,0,1,0,0,0,0,0,0,0,0,0,25,,,0.000000000000,,,
259840.000,2268,E02,F/NAV,5440.5882,0.1531,0.0000,0.3111,0.0000,0.1389,0.0000,0.0000,0.0000,0.0000,0.0000,0.0000,0.0000,0.0000,0.0000,259800,259800,0.0000,0.0000,0.0000,2268,2268,49,0,0,0,0,0,0,1,0,0,0,0,0,0,0,0,0,25,,,0.000000000000,,,
259840.000,2268,E25,F/NAV,5440.5882,0.0281,0.0000,0.3111,0.0000,0.1389,0.0000,0.0000,0.0000,0.0000,0.0000,0.0000,0.0000,0.0000,0.0000,259800,259800,0.0000,0.0000,0.0000,2268,2268,49,0,0,0,0,0,0,1,0,0,0,0,0,0,0,0,0,25,,,0.000000000000,,,
259840.000,2268,E03,F/NAV,5440.5882,0.4031,0.0000,0.3111,0.0000,0.1389,0.0000,0.0000,0.0000,0.0000,0.0000,0.0000,0.0000,0.0000,0.0000,259800,259800,0.0000,0.0000,0.0000,2268,2268,49,0,0,0,0,0,0,1,0,0,0,0,0,0,0,0,0,25,,,0.000000000000,,,
259840.000,2268,E20,F/NAV,5440.5882,0.8198,0.0000,0.3111,0.0000,-0.5278,0.0000,0.0000,0.0000,0.0000,0.0000,0.0000,0.0000,0.0000,0.0000,259800,259800,0.0000,0.0000,0.0000,2268,2268,49,0,0,0,0,0,0,1,0,0,0,0,0,0,0,0,0,25,,,0.000000000000,,,
259840.000,2268,E18,F/NAV,5440.5882,0.3198,0.0000,0.3111,0.0000,-0.5278,0.0000,0.0000,0.0000,0.0000,0.0000,0.0000,0.0000,0.0000,0.0000,259800,259800,0.0000,0.0000,0.0000,2268,2268,49,0,0,0,0,0,0,1,0,0,0,0,0,0,0,0,0,25,,,0.000000000000,,,
259840.000,2268,E12,F/NAV,5440.5882,0.7365,0.0000,0.3111,0.0000,0.8056,0.0000,0.0000,0.0000,0.0000,0.0000,0.0000,0.0000,0.0000,0.0000,259800,259800,0.0000,0.0000,0.0000,2268,2268,49,0,0,0,0,0,0,1,0,0,0,0,0,0,0,0,0,25,,,0.000000000000,,,
259840.000,2268,E01,F/NAV,5440.5882,-0.0969,0.0000,0.3111,0.0000,0.1389,0.0000,0.0000,0.0000,0.0000,0.0000,0.0000,0.0000,0.0000,0.0000,259800,259800,0.0000,0.0000,0.0000,2268,2268,49,0,0,0,0,0,0,1,0,0,0,0,0,0,0,0,0,25,,,0.000000000000,,,
259840.000,2268,E13,F/NAV,5440.5882,0.9865,0.0000,0.3111,0.0000,0.8056,0.0000,0.0000,0.0000,0.0000,0.0000,0.0000,0.0000,0.0000,0.0000,259800,259800,0.0000,0.0000,0.0000,2268,2268,49,0,0,0,0,0,0,1,0,0,0,0,0,0,0,0,0,25,,,0.000000000000,,,
260247.000,2268,E27,I/NAV,5440.5882,0.6115,0.0000,0.3111,0.0000,0.8056,0.0000,0.0000,0.0000,0.0000,0.0000,0.0000,0.0000,0.0000,0.0000,259800,259800,0.0000,0.0000,0.0000,2268,2268,49,1,0,0,1,0,0,0,0,0,0,0,0,0,0,0,0,,25,,0.000000000000,0.000000000000,,2
260280.000,2268,E27,F/NAV,5440.5882,0.6115,0.0000,0.3111,0.0000,0.8056,0.0000,0.0000,0.0000,0.0000,0.0000,0.0000,0.0000,0.0000,0.0000,259800,259800,0.0000,0.0000,0.0000,2268,2268,49,0,0,0,0,0,0,1,0,0,0,0,0,0,0,0,0,25,,,0.000000000000,,,
260405.000,2268,E19,I/NAV,5440.5882,0.5935,0.0000,0.3111,0.0000,-0.5278,0.0000,0.0000,0.0000,0.0000,0.0000,0.0000,0.0000,0.0000,0.0000,260400,260400,0.0000,0.0000,0.0000,2268,2268,50,1,0,0,1,0,0,0,0,0,0,0,0,0,0,0,0,,25,,0.000000000000,0.000000000000,,2
260405.000,2268,E33,I/NAV,5440.5882,0.1585,0.0000,0.3111,0.0000,0.0000,0.0000,0.0000,0.0000,0.0000,0.0000,0.0000,0.0000,0.0000,0.0000,260400,260400,0.0000,0.0000,0.0000,2268,2268,50,1,0,0,1,0,0,0,0,0,0,0,0,0,0,0,0,,25,,0.000000000000,0.000000000000,,2
260405.000,2268,E32,I/NAV,5440.5882,0.1585,0.0000,0.3111,0.0000,0.0000,0.0000,0.0000,0.0000,0.0000,0.0000,0.0000,0.0000,0.0000,0.0000,260400,260400,0.0000,0.0000,0.0000,2268,2268,50,1,0,0,1,0,0,0,0,0,0,0,0,0,0,0,0,,25,,0.000000000000,0.000000000000,,2
260405.000,2268,E36,I/NAV,5440.5882,0.1585,0.0000,0.3111,0.0000,0.0000,0.0000,0.0000,0.0000,0.0000,0.0000,0.0000,0.0000,0.0000,0.0000,260400,260400,0.0000,0.0000,0.0000,2268,2268,50,1,0,0,1,0,0,0,0,0,0,0,0,0,0,0,0,,25,,0.000000000000,0.000000000000,,2
260405.000,2268,E35,I/NAV,5440.5882,0.1585,0.0000,0.3111,0.0000,0.0000,0.0000,0.0000,0.0000,0.0000,0.0000,0.0000,0.0000,0.0000,0.0000,260400,260400,0.0000,0.0000,0.0000,2268,2268,50,1,0,0,1,0,0,0,0,0,0,0,0,0,0,0,0,,25,,0.000000000000,0.000000000000,,2
260405.000,2268,E29,I/NAV,5440.5882,0.4685,0.0000,0.3111,0.0000,-0.5278,0.0000,0.0000,0.0000,0.0000,0.0000,0.0000,0.0000,0.0000,0.0000,260400,260400,0.0000,0.0000,0.0000,2268,2268,50,1,0,0,1,0,0,0,0,0,0,0,0,0,0,0,0,,25,,0.000000000000,0.000000000000,,2
260405.000,2268,E31,I/NAV,5440.5882,0.1585,0.0000,0.3111,0.0000,0.0000,0.0000,0.0000,0.0000,0.0000,0.0000,0.0000,0.0000,0.0000,0.0000,260400,260400,0.0000,0.0000,0.0000,2268,2268,50,1,0,0,1,0,0,0,0,0,0,0,0,0,0,0,0,,25,,0.000000000000,0.000000000000,,2
260405.000,2268,E34,I/NAV,5440.5882,0.1585,0.0000,0.3111,0.0000,0.0000,0.0000,0.0000,0.0000,0.0000,0.0000,0.0000,0.0000,0.0000,0.0000,260400,260400,0.0000,0.0000,0.0000,2268,2268,50,1,0,0,1,0,0,0,0,0,0,0,0,0,0,0,0,,25,,0.000000000000,0.000000000000,,2
260405.000,2268,E02,I/NAV,5440.5882,0.1768,0.0000,0.3111,0.0000,0.1389,0.0000,0.0000,0.0000,0.0000,0.0000,0.0000,0.0000,0.0000,0.0000,260400,260400,0.0000,0.0000,0.0000,2268,2268,50,1,0,0,1,0,0,0,0,0,0,0,0,0,0,0,0,,25,,0.000000000000,0.000000000000,,2
260405.000,2268,E25,I/NAV,5440.5882,0.0518,0.0000,0.3111,0.0000,0.1389,0.0000,0.0000,0.0000,0.0000,0.0000,0.0000,0.0000,0.0000,0.0000,260400,260400,0.0000,0.0000,0.0000,2268,2268,50,1,0,0,1,0,0,0,0,0,0,0,0,0,0,0,0,,25,,0.000000000000,0.000000000000,,2
260405.000,2268,E18,I/NAV,5440.5882,0.3435,0.0000,0.3111,0.0000,-0.5278,0.0000,0.0000,0.0000,0.0000,0.0000,0.0000,0.0000,0.0000,0.0000,260400,260400,0.0000,0.0000,0.0000,2268,2268,50,1,0,0,1,0,0,0,0,0,0,0,0,0,0,0,0,,25,,0.000000000000,0.000000000000,,2
260405.000,2268,E03,I/NAV,5440.5882,0.4268,0.0000,0.3111,0.0000,0.1389,0.0000,0.0000,0.0000,0.0000,0.0000,0.0000,0.0000,0.0000,0.0000,260400,260400,0.0000,0.0000,0.0000,2268,2268,50,1,0,0,1,0,0,0,0,0,0,0,0,0,0,0,0,,25,,0.000000000000,0.000000000000,,2
260405.000,2268,E20,I/NAV,5440.5882,0.8435,0.0000,0.3111,0.0000,-0.5278,0.0000,0.0000,0.0000,0.0000,0.0000,0.0000,0.0000,0.0000,0.0000,260400,260400,0.0000,0.0000,0.0000,2268,2268,50,1,0,0,1,0,0,0,0,0,0,0,0,0,0,0,0,,25,,0.000000000000,0.000000000000,,2
260405.000,2268,E01,I/NAV,5440.5882,-0.0732,0.0000,0.3111,0.0000,0.1389,0.0000,0.0000,0.0000,0.0000,0.0000,0.0000,0.0000,0.0000,0.0000,260400,260400,0.0000,0.0000,0.0000,2268,2268,50,1,0,0,1,0,0,0,0,0,0,0,0,0,0,0,0,,25,,0.000000000000,0.000000000000,,2
260405.000,2268,E12,I/NAV,5440.5882,0.7601,0.0000,0.3111,0.0000,0.8056,0.0000,0.0000,0.0000,0.0000,0.0000,0.0000,0.0000,0.0000,0.0000,260400,260400,0.0000,0.0000,0.0000,2268,2268,50,1,0,0,1,0,0,0,0,0,0,0,0,0,0,0,0,,25,,0.000000000000,0.000000000000,,2
260405.000,2268,E27,I/NAV,5440.5882,0.6351,0.0000,0.3111,0.0000,0.8056,0.0000,0.0000,0.0000,0.0000,0.0000,0.0000,0.0000,0.0000,0.0000,260400,260400,0.0000,0.0000,0.0000,2268,2268,50,1,0,0,1,0,0,0,0,0,0,0,0,0,0,0,0,,25,,0.000000000000,0.000000000000,,2
260440.000,2268,E19,F/NAV,5440.5882,0.5935,0.0000,0.3111,0.0000,-0.5278,0.0000,0.0000,0.0000,0.0000,0.0000,0.0000,0.0000,0.0000,0.0000,260400,260400,0.0000,0.0000,0.0000,2268,2268,50,0,0,0,0,0,0,1,0,0,0,0,0,0,0,0,0,25,,,0.000000000000,,,
260440.000,2268,E29,F/NAV,5440.5882,0.4685,0.0000,0.3111,0.0000,-0.5278,0.0000,0.0000,0.0000,0.0000,0.0000,0.0000,0.0000,0.0000,0.0000,260400,260400,0.0000,0.0000,0.0000,2268,2268,50,0,0,0,0,0,0,1,0,0,0,0,0,0,0,0,0,25,,,0.000000000000,,,
260440.000,2268,E31,F/NAV,5440.5882,0.1585,0.0000,0.3111,0.0000,0.0000,0.0000,0.0000,0.0000,0.0000,0.0000,0.0000,0.0000,0.0000,0.0000,260400,260400,0.0000,0.0000,0.0000,2268,2268,50,0,0,0,0,0,0,1,0,0,0,0,0,0,0,0,0,25,,,0.000000000000,,,
260440.000,2268,E32,F/NAV,5440.5882,0.1585,0.0000,0.3111,0.0000,0.0000,0.0000,0.0000,0.0000,0.0000,0.0000,0.0000,0.0000,0.0000,0.0000,260400,260400,0.0000,0.0000,0.0000,2268,2268,50,0,0,0,0,0,0,1,0,0,0,0,0,0,0,0,0,25,,,0.000000000000,,,
260440.000,2268,E33,F/NAV,5440.5882,0.1585,0.0000,0.3111,0.0000,0.0000,0.0000,0.0000,0.0000,0.0000,0.0000,0.0000,0.0000,0.0000,0.0000,260400,260400,0.0000,0.0000,0.0000,2268,2268,50,0,0,0,0,0,0,1,0,0,0,0,0,0,0,0,0,25,,,0.000000000000,,,
260440.000,2268,E35,F/NAV,5440.5882,0.1585,0.0000,0.3111,0.0000,0.0000,0.0000,0.0000,0.0000,0.0000,0.0000,0.0000,0.0000,0.0000,0.0000,260400,260400,0.0000,0.0000,0.0000,2268,2268,50,0,0,0,0,0,0,1,0,0,0,0,0,0,0,0,0,25,,,0.000000000000,,,
260440.000,2268,E36,F/NAV,5440.5882,0.1585,0.0000,0.3111,0.0000,0.0000,0.0000,0.0000,0.0000,0.0000,0.0000,0.0000,0.0000,0.0000,0.0000,260400,260400,0.0000,0.0000,0.0000,2268,2268,50,0,0,0,0,0,0,1,0,0,0,0,0,0,0,0,0,25,,,0.000000000000,,,
260440.000,2268,E34,F/NAV,5440.5882,0.1585,0.0000,0.3111,0.0000,0.0000,0.0000,0.0000,0.0000,0.0000,0.0000,0.0000,0.0000,0.0000,0.0000,260400,260400,0.0000,0.0000,0.0000,2268,2268,50,0,0,0,0,0,0,1,0,0,0,0,0,0,0,0,0,25,,,0.000000000000,,,
260440.000,2268,E02,F/NAV,5440.5882,0.1768,0.0000,0.3111,0.0000,0.1389,0.0000,0.0000,0.0000,0.0000,0.0000,0.0000,0.0000,0.0000,0.0000,260400,260400,0.0000,0.0000,0.0000,2268,2268,50,0,0,0,0,0,0,1,0,0,0,0,0,0,0,0,0,25,,,0.000000000000,,,
260440.000,2268,E25,F/NAV,5440.5882,0.0518,0.0000,0.3111,0.0000,0.1389,0.0000,0.0000,0.0000,0.0000,0.0000,0.0000,0.0000,0.0000,0.0000,260400,260400,0.0000,0.0000,0.0000,2268,2268,50,0,0,0,0,0,0,1,0,0,0,0,0,0,0,0,0,25,,,0.000000000000,,,
260440.000,2268,E18,F/NAV,5440.5882,0.3435,0.0000,0.3111,0.0000,-0.5278,0.0000,0.0000,0.0000,0.0000,0.0000,0.0000,0.0000,0.0000,0.0000,260400,260400,0.0000,0.0000,0.0000,2268,2268,50,0,0,0,0,0,0,1,0,0,0,0,0,0,0,0,0,25,,,0.000000000000,,,
260440.000,2268,E03,F/NAV,5440.5882,0.4268,0.0000,0.3111,0.0000,0.1389,0.0000,0.0000,0.0000,0.0000,0.0000,0.0000,0.0000,0.0000,0.0000,260400,260400,0.0000,0.0000,0.0000,2268,2268,50,0,0,0,0,0,0,1,0,0,0,0,0,0,0,0,0,25,,,0.000000000000,,,
260440.000,2268,E20,F/NAV,5440.5882,0.8435,0.0000,0.3111,0.0000,-0.5278,0.0000,0.0000,0.0000,0.0000,0.0000,0.0000,0.0000,0.0000,0.0000,260400,260400,0.0000,0.0000,0.0000,2268,2268,50,0,0,0,0,0,0,1,0,0,0,0,0,0,0,0,0,25,,,0.000000000000,,,
260440.000,2268,E01,F/NAV,5440.5882,-0.0732,0.0000,0.3111,0.0000,0.1389,0.0000,0.0000,0.0000,0.0000,0.0000,0.0000,0.0000,0.0000,0.0000,260400,260400,0.0000,0.0000,0.0000,2268,2268,50,0,0,0,0,0,0,1,0,0,0,0,0,0,0,0,0,25,,,0.000000000000,,,
260440.000,2268,E12,F/NAV,5440.5882,0.7601,0.0000,0.3111,0.0000,0.8056,0.0000,0.0000,0.0000,0.0000,0.0000,0.0000,0.0000,0.0000,0.0000,260400,260400,0.0000,0.0000,0.0000,2268,2268,50,0,0,0,0,0,0,1,0,0,0,0,0,0,0,0,0,25,,,0.000000000000,,,
260440.000,2268,E27,F/NAV,5440.5882,0.6351,0.0000,0.3111,0.0000,0.8056,0.0000,0.0000,0.0000,0.0000,0.0000,0.0000,0.0000,0.0000,0.0000,260400,260400,0.0000,0.0000,0.0000,2268,2268,50,0,0,0,0,0,0,1,0,0,0,0,0,0,0,0,0,25,,,0.000000000000,,,
261005.000,2268,E19,I/NAV,5440.5882,0.6171,0.0000,0.3111,0.0000,-0.5278,0.0000,0.0000,0.0000,0.0000,0.0000,0.0000,0.0000,0.0000,0.0000,261000,261000,0.0000,0.0000,0.0000,2268,2268,51,1,0,0,1,0,0,0,0,0,0,0,0,0,0,0,0,,25,,0.000000000000,0.000000000000,,2
261005.000,2268,E33,I/NAV,5440.5882,0.1821,0.0000,0.3111,0.0000,0.0000,0.0000,0.0000,0.0000,0.0000,0.0000,0.0000,0.0000,0.0000,0.0000,261000,261000,0.0000,0.0000,0.0000,2268,2268,51,1,0,0,1,0,0,0,0,0,0,0,0,0,0,0,0,,25,,0.000000000000,0.000000000000,,2
261005.000,2268,E32,I/NAV,5440.5882,0.1821,0.0000,0.3111,0.0000,0.0000,0.0000,0.0000,0.0000,0.0000,0.0000,0.0000,0.0000,0.0000,0.0000,261000,261000,0.0000,0.0000,0.0000,2268,2268,51,1,0,0,1,0,0,0,0,0,0,0,0,0,0,0,0,,25,,0.000000000000,0.000000000000,,2
261005.000,2268,E36,I/NAV,5440.5882,0.1821,0.0000,0.3111,0.0000,0.0000,0.0000,0.0000,0.0000,0.0000,0.0000,0.0000,0.0000,0.0000,0.0000,261000,261000,0.0000,0.0000,0.0000,2268,2268,51,1,0,0,1,0,0,0,0,0,0,0,0,0,0,0,0,,25,,0.000000000000,0.000000000000,,2
261005.000,2268,E35,I/NAV,5440.5882,0.1821,0.0000,0.3111,0.0000,0.0000,0.0000,0.0000,0.0000,0.0000,0.0000,0.0000,0.0000,0.0000,0.0000,261000,261000,0.0000,0.0000,0.0000,2268,2268,51,1,0,0,1,0,0,0,0,0,0,0,0,0,0,0,0,,25,,0.000000000000,0.000000000000,,2
261005.000,2268,E29,I/NAV,5440.5882,0.4921,0.0000,0.3111,0.0000,-0.5278,0.0000,0.0000,0.0000,0.0000,0.0000,0.0000,0.0000,0.0000,0.0000,261000,261000,0.0000,0.0000,0.0000,2268,2268,51,1,0,0,1,0,0,0,0,0,0,0,0,0,0,0,0,,25,,0.000000000000,0.000000000000,,2
261005.000,2268,E31,I/NAV,5440.5882,0.1821,0.0000,0.3111,0.0000,0.0000,0.0000,0.0000,0.0000,0.0000,0.0000,0.0000,0.0000,0.0000,0.0000,261000,261000,0.0000,0.0000,0.0000,2268,2268,51,1,0,0,1,0,0,0,0,0,0,0,0,0,0,0,0,,25,,0.000000000000,0.000000000000,,2
261005.000,2268,E34,I/NAV,5440.5882,0.1821,0.0000,0.3111,0.0000,0.0000,0.0000,0.0000,0.0000,0.0000,0.0000,0.0000,0.0000,0.0000,0.0000,261000,261000,0.0000,0.0000,0.0000,2268,2268,51,1,0,0,1,0,0,0,0,0,0,0,0,0,0,0,0,,25,,0.000000000000,0.000000000000,,2
261005.000,2268,E25,I/NAV,5440.5882,0.0755,0.0000,0.3111,0.0000,0.1389,0.0000,0.0000,0.0000,0.0000,0.0000,0.0000,0.0000,0.0000,0.0000,261000,261000,0.0000,0.0000,0.0000,2268,2268,51,1,0,0,1,0,0,0,0,0,0,0,0,0,0,0,0,,25,,0.000000000000,0.000000000000,,2
261005.000,2268,E18,I/NAV,5440.5882,0.3671,0.0000,0.3111,0.0000,-0.5278,0.0000,0.0000,0.0000,0.0000,0.0000,0.0000,0.0000,0.0000,0.0000,261000,261000,0.0000,0.0000,0.0000,2268,2268,51,1,0,0,1,0,0,0,0,0,0,0,0,0,0,0,0,,25,,0.000000000000,0.000000000000,,2
261005.000,2268,E03,I/NAV,5440.5882,0.4505,0.0000,0.3111,0.0000,0.1389,0.0000,0.0000,0.0000,0.0000,0.0000,0.0000,0.0000,0.0000,0.0000,261000,261000,0.0000,0.0000,0.0000,2268,2268,51,1,0,0,1,0,0,0,0,0,0,0,0,0,0,0,0,,25,,0.000000000000,0.000000000000,,2
261005.000,2268,E20,I/NAV,5440.5882,0.8671,0.0000,0.3111,0.0000,-0.5278,0.0000,0.0000,0.0000,0.0000,0.0000,0.0000,0.0000,0.0000,0.0000,261000,261000,0.0000,0.0000,0.0000,2268,2268,51,1,0,0,1,0,0,0,0,0,0,0,0,0,0,0,0,,25,,0.000000000000,0.000000000000,,2
261005.000,2268,E01,I/NAV,5440.5882,-0.0495,0.0000,0.3111,0.0000,0.1389,0.0000,0.0000,0.0000,0.0000,0.0000,0.0000,0.0000,0.0000,0.0000,261000,261000,0.0000,0.0000,0.0000,2268,2268,51,1,0,0,1,0,0,0,0,0,0,0,0,0,0,0,0,,25,,0.000000000000,0.000000000000,,2
261005.000,2268,E02,I/NAV,5440.5882,0.2005,0.0000,0.3111,0.0000,0.1389,0.0000,0.0000,0.0000,0.0000,0.0000,0.0000,0.0000,0.0000,0.0000,261000,261000,0.0000,0.0000,0.0000,2268,2268,51,1,0,0,1,0,0,0,0,0,0,0,0,0,0,0,0,,25,,0.000000000000,0.000000000000,,2
261005.000,2268,E27,I/NAV,5440.5882,0.6588,0.0000,0.3111,0.0000,0.8056,0.0000,0.0000,0.0000,0.0000,0.0000,0.0000,0.0000,0.0000,0.0000,261000,261000,0.0000,0.0000,0.0000,2268,2268,51,1,0,0,1,0,0,0,0,0,0,0,0,0,0,0,0,,25,,0.000000000000,0.000000000000,,2
261005.000,2268,E12,I/NAV,5440.5882,0.7838,0.0000,0.3111,0.0000,0.8056,0.0000,0.0000,0.0000,0.0000,0.0000,0.0000,0.0000,0.0000,0.0000,261000,261000,0.0000,0.0000,0.0000,2268,2268,51,1,0,0,1,0,0,0,0,0,0,0,0,0,0,0,0,,25,,0.000000000000,0.000000000000,,2
261040.000,2268,E19,F/NAV,5440.5882,0.6171,0.0000,0.3111,0.0000,-0.5278,0.0000,0.0000,0.0000,0.0000,0.0000,0.0000,0.0000,0.0000,0.0000,261000,261000,0.0000,0.0000,0.0000,2268,2268,51,0,0,0,0,0,0,1,0,0,0,0,0,0,0,0,0,25,,,0.000000000000,,,
261040.000,2268,E31,F/NAV,5440.5882,0.1821,0.0000,0.3111,0.0000,0.0000,0.0000,0.0000,0.0000,0.0000,0.0000,0.0000,0.0000,0.0000,0.0000,261000,261000,0.0000,0.0000,0.0000,2268,2268,51,0,0,0,0,0,0,1,0,0,0,0,0,0,0,0,0,25,,,0.000000000000,,,
261040.000,2268,E32,F/NAV,5440.5882,0.1821,0.0000,0.3111,0.0000,0.0000,0.0000,0.0000,0.0000,0.0000,0.0000,0.0000,0.0000,0.0000,0.0000,261000,261000,0.0000,0.0000,0.0000,2268,2268,51,0,0,0,0,0,0,1,0,0,0,0,0,0,0,0,0,25,,,0.000000000000,,,
261040.000,2268,E33,F/NAV,5440.5882,0.1821,0.0000,0.3111,0.0000,0.0000,0.0000,0.0000,0.0000,0.0000,0.0000,0.0000,0.0000,0.0000,0.0000,261000,261000,0.0000,0.0000,0.0000,2268,2268,51,0,0,0,0,0,0,1,0,0,0,0,0,0,0,0,0,25,,,0.000000000000,,,
261040.000,2268,E35,F/NAV,5440.5882,0.1821,0.0000,0.3111,0.0000,0.0000,0.0000,0.0000,0.0000,0.0000,0.0000,0.0000,0.0000,0.0000,0.0000,261000,261000,0.0000,0.0000,0.0000,2268,2268,51,0,0,0,0,0,0,1,0,0,0,0,0,0,0,0,0,25,,,0.000000000000,,,
261040.000,2268,E36,F/NAV,5440.5882,0.1821,0.0000,0.3111,0.0000,0.0000,0.0000,0.0000,0.0000,0.0000,0.0000,0.0000,0.0000,0.0000,0.0000,261000,261000,0.0000,0.0000,0.0000,2268,2268,51,0,0,0,0,0,0,1,0,0,0,0,0,0,0,0,0,25,,,0.000000000000,,,
261040.000,2268,E34,F/NAV,5440.5882,0.1821,0.0000,0.3111,0.0000,0.0000,0.0000,0.0000,0.0000,0.0000,0.0000,0.0000,0.0000,0.0000,0.0000,261000,261000,0.0000,0.0000,0.0000,2268,2268,51,0,0,0,0,0,0,1,0,0,0,0,0,0,0,0,0,25,,,0.000000000000,,,
261040.000,2268,E29,F/NAV,5440.5882,0.4921,0.0000,0.3111,0.0000,-0.5278,0.0000,0.0000,0.0000,0.0000,0.0000,0.0000,0.0000,0.0000,0.0000,261000,261000,0.0000,0.0000,0.0000,2268,2268,51,0,0,0,0,0,0,1,0,0,0,0,0,0,0,0,0,25,,,0.000000000000,,,
261040.000,2268,E02,F/NAV,5440.5882,0.2005,0.0000,0.3111,0.0000,0.1389,0.0000,0.0000,0.0000,0.0000,0.0000,0.0000,0.0000,0.0000,0.0000,261000,261000,0.0000,0.0000,0.0000,2268,2268,51,0,0,0,0,0,0,1,0,0,0,0,0,0,0,0,0,25,,,0.000000000000,,,
261040.000,2268,E25,F/NAV,5440.5882,0.0755,0.0000,0.3111,0.0000,0.1389,0.0000,0.0000,0.0000,0.0000,0.0000,0.0000,0.0000,0.0000,0.0000,261000,261000,0.0000,0.0000,0.0000,2268,2268,51,0,0,0,0,0,0,1,0,0,0,0,0,0,0,0,0,25,,,0.000000000000,,,
261040.000,2268,E18,F/NAV,5440.5882,0.3671,0.0000,0.3111,0.0000,-0.5278,0.0000,0.0000,0.0000,0.0000,0.0000,0.0000,0.0000,0.0000,0.0000,261000,261000,0.0000,0.0000,0.0000,2268,2268,51,0,0,0,0,0,0,1,0,0,0,0,0,0,0,0,0,25,,,0.000000000000,,,
261040.000,2268,E03,F/NAV,5440.5882,0.4505,0.0000,0.3111,0.0000,0.1389,0.0000,0.0000,0.0000,0.0000,0.0000,0.0000,0.0000,0.0000,0.0000,261000,261000,0.0000,0.0000,0.0000,2268,2268,51,0,0,0,0,0,0,1,0,0,0,0,0,0,0,0,0,25,,,0.000000000000,,,
261040.000,2268,E20,F/NAV,5440.5882,0.8671,0.0000,0.3111,0.0000,-0.5278,0.0000,0.0000,0.0000,0.0000,0.0000,0.0000,0.0000,0.0000,0.0000,261000,261000,0.0000,0.0000,0.0000,2268,2268,51,0,0,0,0,0,0,1,0,0,0,0,0,0,0,0,0,25,,,0.000000000000,,,
261040.000,2268,E01,F/NAV,5440.5882,-0.0495,0.0000,0.3111,0.0000,0.1389,0.0000,0.0000,0.0000,0.0000,0.0000,0.0000,0.0000,0.0000,0.0000,261000,261000,0.0000,0.0000,0.0000,2268,2268,51,0,0,0,0,0,0,1,0,0,0,0,0,0,0,0,0,25,,,0.000000000000,,,
261040.000,2268,E12,F/NAV,5440.5882,0.7838,0.0000,0.3111,0.0000,0.8056,0.0000,0.0000,0.0000,0.0000,0.0000,0.0000,0.0000,0.0000,0.0000,261000,261000,0.0000,0.0000,0.0000,2268,2268,51,0,0,0,0,0,0,1,0,0,0,0,0,0,0,0,0,25,,,0.000000000000,,,
261040.000,2268,E27,F/NAV,5440.5882,0.6588,0.0000,0.3111,0.0000,0.8056,0.0000,0.0000,0.0000,0.0000,0.0000,0.0000,0.0000,0.0000,0.0000,261000,261000,0.0000,0.0000,0.0000,2268,2268,51,0,0,0,0,0,0,1,0,0,0,0,0,0,0,0,0,25,,,0.000000000000,,,
261605.000,2268,E33,I/NAV,5440.5882,0.2058,0.0000,0.3111,0.0000,0.0000,0.0000,0.0000,0.0000,0.0000,0.0000,0.0000,0.0000,0.0000,0.0000,261600,261600,0.0000,0.0000,0.0000,2268,2268,52,1,0,0,1,0,0,0,0,0,0,0,0,0,0,0,0,,25,,0.000000000000,0.000000000000,,2
261605.000,2268,E32,I/NAV,5440.5882,0.2058,0.0000,0.3111,0.0000,0.0000,0.0000,0.0000,0.0000,0.0000,0.0000,0.0000,0.0000,0.0000,0.0000,261600,261600,0.0000,0.0000,0.0000,2268,2268,52,1,0,0,1,0,0,0,0,0,0,0,0,0,0,0,0,,25,,0.000000000000,0.000000000000,,2
261605.000,2268,E36,I/NAV,5440.5882,0.2058,0.0000,0.3111,0.0000,0.0000,0.0000,0.0000,0.0000,0.0000,0.0000,0.0000,0.0000,0.0000,0.0000,261600,261600,0.0000,0.0000,0.0000,2268,2268,52,1,0,0,1,0,0,0,0,0,0,0,0,0,0,0,0,,25,,0.000000000000,0.000000000000,,2
261605.000,2268,E35,I/NAV,5440.5882,0.2058,0.0000,0.3111,0.0000,0.0000,0.0000,0.0000,0.0000,0.0000,0.0000,0.0000,0.0000,0.0000,0.0000,261600,261600,0.0000,0.0000,0.0000,2268,2268,52,1,0,0,1,0,0,0,0,0,0,0,0,0,0,0,0,,25,,0.000000000000,0.000000000000,,2
261605.000,2268,E19,I/NAV,5440.5882,0.6408,0.0000,0.3111,0.0000,-0.5278,0.0000,0.0000,0.0000,0.0000,0.0000,0.0000,0.0000,0.0000,0.0000,261600,261600,0.0000,0.0000,0.0000,2268,2268,52,1,0,0,1,0,0,0,0,0,0,0,0,0,0,0,0,,25,,0.000000000000,0.000000000000,,2
261605.000,2268,E31,I/NAV,5440.5882,0.2058,0.0000,0.3111,0.0000,0.0000,0.0000,0.0000,0.0000,0.0000,0.0000,0.0000,0.0000,0.0000,0.0000,261600,261600,0.0000,0.0000,0.0000,2268,2268,52,1,0,0,1,0,0,0,0,0,0,0,0,0,0,0,0,,25,,0.000000000000,0.000000000000,,2
261605.000,2268,E34,I/NAV,5440.5882,0.2058,0.0000,0.3111,0.0000,0.0000,0.0000,0.0000,0.0000,0.0000,0.0000,0.0000,0.0000,0.0000,0.0000,261600,261600,0.0000,0.0000,0.0000,2268,2268,52,1,0,0,1,0,0,0,0,0,0,0,0,0,0,0,0,,25,,0.000000000000,0.000000000000,,2
261605.000,2268,E29,I/NAV,5440.5882,0.5158,0.0000,0.3111,0.0000,-0.5278,0.0000,0.0000,0.0000,0.0000,0.0000,0.0000,0.0000,0.0000,0.0000,261600,261600,0.0000,0.0000,0.0000,2268,2268,52,1,0,0,1,0,0,0,0,0,0,0,0,0,0,0,0,,25,,0.000000000000,0.000000000000,,2
261605.000,2268,E25,I/NAV,5440.5882,0.0992,0.0000,0.3111,0.0000,0.1389,0.0000,0.0000,0.0000,0.0000,0.0000,0.0000,0.0000,0.0000,0.0000,261600,261600,0.0000,0.0000,0.0000,2268,2268,52,1,0,0,1,0,0,0,0,0,0,0,0,0,0,0,0,,25,,0.000000000000,0.000000000000,,2
261605.000,2268,E18,I/NAV,5440.5882,0.3908,0.0000,0.3111,0.0000,-0.5278,0.0000,0.0000,0.0000,0.0000,0.0000,0.0000,0.0000,0.0000,0.0000,261600,261600,0.0000,0.0000,0.0000,2268,2268,52,1,0,0,1,0,0,0,0,0,0,0,0,0,0,0,0,,25,,0.000000000000,0.000000000000,,2
261605.000,2268,E01,I/NAV,5440.5882,-0.0258,0.0000,0.3111,0.0000,0.1389,0.0000,0.0000,0.0000,0.0000,0.0000,0.0000,0.0000,0.0000,0.0000,261600,261600,0.0000,0.0000,0.0000,2268,2268,52,1,0,0,1,0,0,0,0,0,0,0,0,0,0,0,0,,25,,0.000000000000,0.000000000000,,2
261605.000,2268,E03,I/NAV,5440.5882,0.4742,0.0000,0.3111,0.0000,0.1389,0.0000,0.0000,0.0000,0.0000,0.0000,0.0000,0.0000,0.0000,0.0000,261600,261600,0.0000,0.0000,0.0000,2268,2268,52,1,0,0,1,0,0,0,0,0,0,0,0,0,0,0,0,,25,,0.000000000000,0.000000000000,,2
261605.000,2268,E20,I/NAV,5440.5882,0.8908,0.0000,0.3111,0.0000,-0.5278,0.0000,0.0000,0.0000,0.0000,0.0000,0.0000,0.0000,0.0000,0.0000,261600,261600,0.0000,0.0000,0.0000,2268,2268,52,1,0,0,1,0,0,0,0,0,0,0,0,0,0,0,0,,25,,0.000000000000,0.000000000000,,2
261605.000,2268,E02,I/NAV,5440.5882,0.2242,0.0000,0.3111,0.0000,0.1389,0.0000,0.0000,0.0000,0.0000,0.0000,0.0000,0.0000,0.0000,0.0000,261600,261600,0.0000,0.0000,0.0000,2268,2268,52,1,0,0,1,0,0,0,0,0,0,0,0,0,0,0,0,,25,,0.000000000000,0.000000000000,,2
261605.000,2268,E12,I/NAV,5440.5882,0.8075,0.0000,0.3111,0.0000,0.8056,0.0000,0.0000,0.0000,0.0000,0.0000,0.0000,0.0000,0.0000,0.0000,261600,261600,0.0000,0.0000,0.0000,2268,2268,52,1,0,0,1,0,0,0,0,0,0,0,0,0,0,0,0,,25,,0.000000000000,0.000000000000,,2
261605.000,2268,E27,I/NAV,5440.5882,0.6825,0.0000,0.3111,0.0000,0.8056,0.0000,0.0000,0.0000,0.0000,0.0000,0.0000,0.0000,0.0000,0.0000,261600,261600,0.0000,0.0000,0.0000,2268,2268,52,1,0,0,1,0,0,0,0,0,0,0,0,0,0,0,0,,25,,0.000000000000,0.000000000000,,2
261640.000,2268,E19,F/NAV,5440.5882,0.6408,0.0000,0.3111,0.0000,-0.5278,0.0000,0.0000,0.0000,0.0000,0.0000,0.0000,0.0000,0.0000,0.0000,261600,261600,0.0000,0.0000,0.0000,2268,2268,52,0,0,0,0,0,0,1,0,0,0,0,0,0,0,0,0,25,,,0.000000000000,,,
261640.000,2268,E29,F/NAV,5440.5882,0.5158,0.0000,0.3111,0.0000,-0.5278,0.0000,0.0000,0.0000,0.0000,0.0000,0.0000,0.0000,0.0000,0.0000,261600,261600,0.0000,0.0000,0.0000,2268,2268,52,0,0,0,0,0,0,1,0,0,0,0,0,0,0,0,0,25,,,0.000000000000,,,
261640.000,2268,E31,F/NAV,5440.5882,0.2058,0.0000,0.3111,0.0000,0.0000,0.0000,0.0000,0.0000,0.0000,0.0000,0.0000,0.0000,0.0000,0.0000,261600,261600,0.0000,0.0000,0.0000,2268,2268,52,0,0,0,0,0,0,1,0,0,0,0,0,0,0,0,0,25,,,0.000000000000,,,
261640.000,2268,E32,F/NAV,5440.5882,0.2058,0.0000,0.3111,0.0000,0.0000,0.0000,0.0000,0.0000,0.0000,0.0000,0.0000,0.0000,0.0000,0.0000,261600,261600,0.0000,0.0000,0.0000,2268,2268,52,0,0,0,0,0,0,1,0,0,0,0,0,0,0,0,0,25,,,0.000000000000,,,
261640.000,2268,E33,F/NAV,5440.5882,0.2058,0.0000,0.3111,0.0000,0.0000,0.0000,0.0000,0.0000,0.0000,0.0000,0.0000,0.0000,0.0000,0.0000,261600,261600,0.0000,0.0000,0.0000,2268,2268,52,0,0,0,0,0,0,1,0,0,0,0,0,0,0,0,0,25,,,0.000000000000,,,
261640.000,2268,E35,F/NAV,5440.5882,0.2058,0.0000,0.3111,0.0000,0.0000,0.0000,0.0000,0.0000,0.0000,0.0000,0.0000,0.0000,0.0000,0.0000,261600,261600,0.0000,0.0000,0.0000,2268,2268,52,0,0,0,0,0,0,1,0,0,0,0,0,0,0,0,0,25,,,0.000000000000,,,
261640.000,2268,E36,F/NAV,5440.5882,0.2058,0.0000,0.3111,0.0000,0.0000,0.0000,0.0000,0.0000,0.0000,0.0000,0.0000,0.0000,0.0000,0.0000,261600,261600,0.0000,0.0000,0.0000,2268,2268,52,0,0,0,0,0,0,1,0,0,0,0,0,0,0,0,0,25,,,0.000000000000,,,
261640.000,2268,E34,F/NAV,5440.5882,0.2058,0.0000,0.3111,0.0000,0.0000,0.0000,0.0000,0.0000,0.0000,0.0000,0.0000,0.0000,0.0000,0.0000,261600,261600,0.0000,0.0000,0.0000,2268,2268,52,0,0,0,0,0,0,1,0,0,0,0,0,0,0,0,0,25,,,0.000000000000,,,
261640.000,2268,E02,F/NAV,5440.5882,0.2242,0.0000,0.3111,0.0000,0.1389,0.0000,0.0000,0.0000,0.0000,0.0000,0.0000,0.0000,0.0000,0.0000,261600,261600,0.0000,0.0000,0.0000,2268,2268,52,0,0,0,0,0,0,1,0,0,0,0,0,0,0,0,0,25,,,0.000000000000,,,
261640.000,2268,E25,F/NAV,5440.5882,0.0992,0.0000,0.3111,0.0000,0.1389,0.0000,0.0000,0.0000,0.0000,0.0000,0.0000,0.0000,0.0000,0.0000,261600,261600,0.0000,0.0000,0.0000,2268,2268,52,0,0,0,0,0,0,1,0,0,0,0,0,0,0,0,0,25,,,0.000000000000,,,
261640.000,2268,E18,F/NAV,5440.5882,0.3908,0.0000,0.3111,0.0000,-0.5278,0.0000,0.0000,0.0000,0.0000,0.0000,0.0000,0.0000,0.0000,0.0000,261600,261600,0.0000,0.0000,0.0000,2268,2268,52,0,0,0,0,0,0,1,0,0,0,0,0,0,0,0,0,25,,,0.000000000000,,,
261640.000,2268,E03,F/NAV,5440.5882,0.4742,0.0000,0.3111,0.0000,0.1389,0.0000,0.0000,0.0000,0.0000,0.0000,0.0000,0.0000,0.0000,0.0000,261600,261600,0.0000,0.0000,0.0000,2268,2268,52,0,0,0,0,0,0,1,0,0,0,0,0,0,0,0,0,25,,,0.000000000000,,,
261640.000,2268,E01,F/NAV,5440.5882,-0.0258,0.0000,0.3111,0.0000,0.1389,0.0000,0.0000,0.0000,0.0000,0.0000,0.0000,0.0000,0.0000,0.0000,261600,261600,0.0000,0.0000,0.0000,2268,2268,52,0,0,0,0,0,0,1,0,0,0,0,0,0,0,0,0,25,,,0.000000000000,,,
261640.000,2268,E20,F/NAV,5440.5882,0.8908,0.0000,0.3111,0.0000,-0.5278,0.0000,0.0000,0.0000,0.0000,0.0000,0.0000,0.0000,0.0000,0.0000,261600,261600,0.0000,0.0000,0.0000,2268,2268,52,0,0,0,0,0,0,1,0,0,0,0,0,0,0,0,0,25,,,0.000000000000,,,
261640.000,2268,E12,F/NAV,5440.5882,0.8075,0.0000,0.3111,0.0000,0.8056,0.0000,0.0000,0.0000,0.0000,0.0000,0.0000,0.0000,0.0000,0.0000,261600,261600,0.0000,0.0000,0.0000,2268,2268,52,0,0,0,0,0,0,1,0,0,0,0,0,0,0,0,0,25,,,0.000000000000,,,
261640.000,2268,E27,F/NAV,5440.5882,0.6825,0.0000,0.3111,0.0000,0.8056,0.0000,0.0000,0.0000,0.0000,0.0000,0.0000,0.0000,0.0000,0.0000,261600,261600,0.0000,0.0000,0.0000,2268,2268,52,0,0,0,0,0,0,1,0,0,0,0,0,0,0,0,0,25,,,0.000000000000,,,
262205.000,2268,E33,I/NAV,5440.5882,0.2295,0.0000,0.3111,0.0000,0.0000,0.0000,0.0000,0.0000,0.0000,0.0000,0.0000,0.0000,0.0000,0.0000,262200,262200,0.0000,0.0000,0.0000,2268,2268,53,1,0,0,1,0,0,0,0,0,0,0,0,0,0,0,0,,25,,0.000000000000,0.000000000000,,2
262205.000,2268,E32,I/NAV,5440.5882,0.2295,0.0000,0.3111,0.0000,0.0000,0.0000,0.0000,0.0000,0.0000,0.0000,0.0000,0.0000,0.0000,0.0000,262200,262200,0.0000,0.0000,0.0000,2268,2268,53,1,0,0,1,0,0,0,0,0,0,0,0,0,0,0,0,,25,,0.000000000000,0.000000000000,,2
262205.000,2268,E36,I/NAV,5440.5882,0.2295,0.0000,0.3111,0.0000,0.0000,0.0000,0.0000,0.0000,0.0000,0.0000,0.0000,0.0000,0.0000,0.0000,262200,262200,0.0000,0.0000,0.0000,2268,2268,53,1,0,0,1,0,0,0,0,0,0,0,0,0,0,0,0,,25,,0.000000000000,0.000000000000,,2
262205.000,2268,E35,I/NAV,5440.5882,0.2295,0.0000,0.3111,0.0000,0.0000,0.0000,0.0000,0.0000,0.0000,0.0000,0.0000,0.0000,0.0000,0.0000,262200,262200,0.0000,0.0000,0.0000,2268,2268,53,1,0,0,1,0,0,0,0,0,0,0,0,0,0,0,0,,25,,0.000000000000,0.000000000000,,2
262205.000,2268,E19,I/NAV,5440.5882,0.6645,0.0000,0.3111,0.0000,-0.5278,0.0000,0.0000,0.0000,0.0000,0.0000,0.0000,0.0000,0.0000,0.0000,262200,262200,0.0000,0.0000,0.0000,2268,2268,53,1,0,0,1,0,0,0,0,0,0,0,0,0,0,0,0,,25,,0.000000000000,0.000000000000,,2
262205.000,2268,E31,I/NAV,5440.5882,0.2295,0.0000,0.3111,0.0000,0.0000,0.0000,0.0000,0.0000,0.0000,0.0000,0.0000,0.0000,0.0000,0.0000,262200,262200,0.0000,0.0000,0.0000,2268,2268,53,1,0,0,1,0,0,0,0,0,0,0,0,0,0,0,0,,25,,0.000000000000,0.000000000000,,2
262205.000,2268,E34,I/NAV,5440.5882,0.2295,0.0000,0.3111,0.0000,0.0000,0.0000,0.0000,0.0000,0.0000,0.0000,0.0000,0.0000,0.0000,0.0000,262200,262200,0.0000,0.0000,0.0000,2268,2268,53,1,0,0,1,0,0,0,0,0,0,0,0,0,0,0,0,,25,,0.000000000000,0.000000000000,,2
262205.000,2268,E29,I/NAV,5440.5882,0.5395,0.0000,0.3111,0.0000,-0.5278,0.0000,0.0000,0.0000,0.0000,0.0000,0.0000,0.0000,0.0000,0.0000,262200,262200,0.0000,0.0000,0.0000,2268,2268,53,1,0,0,1,0,0,0,0,0,0,0,0,0,0,0,0,,25,,0.000000000000,0.000000000000,,2
262205.000,2268,E25,I/NAV,5440.5882,0.1228,0.0000,0.3111,0.0000,0.1389,0.0000,0.0000,0.0000,0.0000,0.0000,0.0000,0.0000,0.0000,0.0000,262200,262200,0.0000,0.0000,0.0000,2268,2268,53,1,0,0,1,0,0,0,0,0,0,0,0,0,0,0,0,,25,,0.000000000000,0.000000000000,,2
262205.000,2268,E18,I/NAV,5440.5882,0.4145,0.0000,0.3111,0.0000,-0.5278,0.0000,0.0000,0.0000,0.0000,0.0000,0.0000,0.0000,0.0000,0.0000,262200,262200,0.0000,0.0000,0.0000,2268,2268,53,1,0,0,1,0,0,0,0,0,0,0,0,0,0,0,0,,25,,0.000000000000,0.000000000000,,2
262205.000,2268,E01,I/NAV,5440.5882,-0.0022,0.0000,0.3111,0.0000,0.1389,0.0000,0.0000,0.0000,0.0000,0.0000,0.0000,0.0000,0.0000,0.0000,262200,262200,0.0000,0.0000,0.0000,2268,2268,53,1,0,0,1,0,0,0,0,0,0,0,0,0,0,0,0,,25,,0.000000000000,0.000000000000,,2
262205.000,2268,E03,I/NAV,5440.5882,0.4978,0.0000,0.3111,0.0000,0.1389,0.0000,0.0000,0.0000,0.0000,0.0000,0.0000,0.0000,0.0000,0.0000,262200,262200,0.0000,0.0000,0.0000,2268,2268,53,1,0,0,1,0,0,0,0,0,0,0,0,0,0,0,0,,25,,0.000000000000,0.000000000000,,2
262205.000,2268,E20,I/NAV,5440.5882,0.9145,0.0000,0.3111,0.0000,-0.5278,0.0000,0.0000,0.0000,0.0000,0.0000,0.0000,0.0000,0.0000,0.0000,262200,262200,0.0000,0.0000,0.0000,2268,2268,53,1,0,0,1,0,0,0,0,0,0,0,0,0,0,0,0,,25,,0.000000000000,0.000000000000,,2
262205.000,2268,E02,I/NAV,5440.5882,0.2478,0.0000,0.3111,0.0000,0.1389,0.0000,0.0000,0.0000,0.0000,0.0000,0.0000,0.0000,0.0000,0.0000,262200,262200,0.0000,0.0000,0.0000,2268,2268,53,1,0,0,1,0,0,0,0,0,0,0,0,0,0,0,0,,25,,0.000000000000,0.000000000000,,2
262205.000,2268,E12,I/NAV,5440.5882,0.8312,0.0000,0.3111,0.0000,0.8056,0.0000,0.0000,0.0000,0.0000,0.0000,0.0000,0.0000,0.0000,0.0000,262200,262200,0.0000,0.0000,0.0000,2268,2268,53,1,0,0,1,0,0,0,0,0,0,0,0,0,0,0,0,,25,,0.000000000000,0.000000000000,,2
262205.000,2268,E27,I/NAV,5440.5882,0.7062,0.0000,0.3111,0.0000,0.8056,0.0000,0.0000,0.0000,0.0000,0.0000,0.0000,0.0000,0.0000,0.0000,262200,262200,0.0000,0.0000,0.0000,2268,2268,53,1,0,0,1,0,0,0,0,0,0,0,0,0,0,0,0,,25,,0.000000000000,0.000000000000,,2
262240.000,2268,E29,F/NAV,5440.5882,0.5395,0.0000,0.3111,0.0000,-0.5278,0.0000,0.0000,0.0000,0.0000,0.0000,0.0000,0.0000,0.0000,0.0000,262200,262200,0.0000,0.0000,0.0000,2268,2268,53,0,0,0,0,0,0,1,0,0,0,0,0,0,0,0,0,25,,,0.000000000000,,,
262240.000,2268,E31,F/NAV,5440.5882,0.2295,0.0000,0.3111,0.0000,0.0000,0.0000,0.0000,0.0000,0.0000,0.0000,0.0000,0.0000,0.0000,0.0000,262200,262200,0.0000,0.0000,0.0000,2268,2268,53,0,0,0,0,0,0,1,0,0,0,0,0,0,0,0,0,25,,,0.000000000000,,,
262240.000,2268,E32,F/NAV,5440.5882,0.2295,0.0000,0.3111,0.0000,0.0000,0.0000,0.0000,0.0000,0.0000,0.0000,0.0000,0.0000,0.0000,0.0000,262200,262200,0.0000,0.0000,0.0000,2268,2268,53,0,0,0,0,0,0,1,0,0,0,0,0,0,0,0,0,25,,,0.000000000000,,,
262240.000,2268,E33,F/NAV,5440.5882,0.2295,0.0000,0.3111,0.0000,0.0000,0.0000,0.0000,0.0000,0.0000,0.0000,0.0000,0.0000,0.0000,0.0000,262200,262200,0.0000,0.0000,0.0000,2268,2268,53,0,0,0,0,0,0,1,0,0,0,0,0,0,0,0,0,25,,,0.000000000000,,,
262240.000,2268,E35,F/NAV,5440.5882,0.2295,0.0000,0.3111,0.0000,0.0000,0.0000,0.0000,0.0000,0.0000,0.0000,0.0000,0.0000,0.0000,0.0000,262200,262200,0.0000,0.0000,0.0000,2268,2268,53,0,0,0,0,0,0,1,0,0,0,0,0,0,0,0,0,25,,,0.000000000000,,,
262240.000,2268,E36,F/NAV,5440.5882,0.2295,0.0000,0.3111,0.0000,0.0000,0.0000,0.0000,0.0000,0.0000,0.0000,0.0000,0.0000,0.0000,0.0000,262200,262200,0.0000,0.0000,0.0000,2268,2268,53,0,0,0,0,0,0,1,0,0,0,0,0,0,0,0,0,25,,,0.000000000000,,,
262240.000,2268,E34,F/NAV,5440.5882,0.2295,0.0000,0.3111,0.0000,0.0000,0.0000,0.0000,0.0000,0.0000,0.0000,0.0000,0.0000,0.0000,0.0000,262200,262200,0.0000,0.0000,0.0000,2268,2268,53,0,0,0,0,0,0,1,0,0,0,0,0,0,0,0,0,25,,,0.000000000000,,,
262240.000,2268,E19,F/NAV,5440.5882,0.6645,0.0000,0.3111,0.0000,-0.5278,0.0000,0.0000,0.0000,0.0000,0.0000,0.0000,0.0000,0.0000,0.0000,262200,262200,0.0000,0.0000,0.0000,2268,2268,53,0,0,0,0,0,0,1,0,0,0,0,0,0,0,0,0,25,,,0.000000000000,,,
262240.000,2268,E02,F/NAV,5440.5882,0.2478,0.0000,0.3111,0.0000,0.1389,0.0000,0.0000,0.0000,0.0000,0.0000,0.0000,0.0000,0.0000,0.0000,262200,262200,0.0000,0.0000,0.0000,2268,2268,53,0,0,0,0,0,0,1,0,0,0,0,0,0,0,0,0,25,,,0.000000000000,,,
262240.000,2268,E25,F/NAV,5440.5882,0.1228,0.0000,0.3111,0.0000,0.1389,0.0000,0.0000,0.0000,0.0000,0.0000,0.0000,0.0000,0.0000,0.0000,262200,262200,0.0000,0.0000,0.0000,2268,2268,53,0,0,0,0,0,0,1,0,0,0,0,0,0,0,0,0,25,,,0.000000000000,,,
262240.000,2268,E18,F/NAV,5440.5882,0.4145,0.0000,0.3111,0.0000,-0.5278,0.0000,0.0000,0.0000,0.0000,0.0000,0.0000,0.0000,0.0000,0.0000,262200,262200,0.0000,0.0000,0.0000,2268,2268,53,0,0,0,0,0,0,1,0,0,0,0,0,0,0,0,0,25,,,0.000000000000,,,
262240.000,2268,E01,F/NAV,5440.5882,-0.0022,0.0000,0.3111,0.0000,0.1389,0.0000,0.0000,0.0000,0.0000,0.0000,0.0000,0.0000,0.0000,0.0000,262200,262200,0.0000,0.0000,0.0000,2268,2268,53,0,0,0,0,0,0,1,0,0,0,0,0,0,0,0,0,25,,,0.000000000000,,,
262240.000,2268,E03,F/NAV,5440.5882,0.4978,0.0000,0.3111,0.0000,0.1389,0.0000,0.0000,0.0000,0.0000,0.0000,0.0000,0.0000,0.0000,0.0000,262200,262200,0.0000,0.0000,0.0000,2268,2268,53,0,0,0,0,0,0,1,0,0,0,0,0,0,0,0,0,25,,,0.000000000000,,,
262240.000,2268,E20,F/NAV,5440.5882,0.9145,0.0000,0.3111,0.0000,-0.5278,0.0000,0.0000,0.0000,0.0000,0.0000,0.0000,0.0000,0.0000,0.0000,262200,262200,0.0000,0.0000,0.0000,2268,2268,53,0,0,0,0,0,0,1,0,0,0,0,0,0,0,0,0,25,,,0.000000000000,,,
262240.000,2268,E12,F/NAV,5440.5882,0.8312,0.0000,0.3111,0.0000,0.8056,0.0000,0.0000,0.0000,0.0000,0.0000,0.0000,0.0000,0.0000,0.0000,262200,262200,0.0000,0.0000,0.0000,2268,2268,53,0,0,0,0,0,0,1,0,0,0,0,0,0,0,0,0,25,,,0.000000000000,,,
262240.000,2268,E27,F/NAV,5440.5882,0.7062,0.0000,0.3111,0.0000,0.8056,0.0000,0.0000,0.0000,0.0000,0.0000,0.0000,0.0000,0.0000,0.0000,262200,262200,0.0000,0.0000,0.0000,2268,2268,53,0,0,0,0,0,0,1,0,0,0,0,0,0,0,0,0,25,,,0.000000000000,,,
262805.000,2268,E33,I/NAV,5440.5882,0.2532,0.0000,0.3111,0.0000,0.0000,0.0000,0.0000,0.0000,0.0000,0.0000,0.0000,0.0000,0.0000,0.0000,262800,262800,0.0000,0.0000,0.0000,2268,2268,54,1,0,0,1,0,0,0,0,0,0,0,0,0,0,0,0,,25,,0.000000000000,0.000000000000,,2
262805.000,2268,E32,I/NAV,5440.5882,0.2532,0.0000,0.3111,0.0000,0.0000,0.0000,0.0000,0.0000,0.0000,0.0000,0.0000,0.0000,0.0000,0.0000,262800,262800,0.0000,0.0000,0.0000,2268,2268,54,1,0,0,1,0,0,0,0,0,0,0,0,0,0,0,0,,25,,0.000000000000,0.000000000000,,2
262805.000,2268,E36,I/NAV,5440.5882,0.2532,0.0000,0.3111,0.0000,0.0000,0.0000,0.0000,0.0000,0.0000,0.0000,0.0000,0.0000,0.0000,0.0000,262800,262800,0.0000,0.0000,0.0000,2268,2268,54,1,0,0,1,0,0,0,0,0,0,0,0,0,0,0,0,,25,,0.000000000000,0.000000000000,,2
262805.000,2268,E35,I/NAV,5440.5882,0.2532,0.0000,0.3111,0.0000,0.0000,0.0000,0.0000,0.0000,0.0000,0.0000,0.0000,0.0000,0.0000,0.0000,262800,262800,0.0000,0.0000,0.0000,2268,2268,54,1,0,0,1,0,0,0,0,0,0,0,0,0,0,0,0,,25,,0.000000000000,0.000000000000,,2
262805.000,2268,E31,I/NAV,5440.5882,0.2532,0.0000,0.3111,0.0000,0.0000,0.0000,0.0000,0.0000,0.0000,0.0000,0.0000,0.0000,0.0000,0.0000,262800,262800,0.0000,0.0000,0.0000,2268,2268,54,1,0,0,1,0,0,0,0,0,0,0,0,0,0,0,0,,25,,0.000000000000,0.000000000000,,2
262805.000,2268,E34,I/NAV,5440.5882,0.2532,0.0000,0.3111,0.0000,0.0000,0.0000,0.0000,0.0000,0.0000,0.0000,0.0000,0.0000,0.0000,0.0000,262800,262800,0.0000,0.0000,0.0000,2268,2268,54,1,0,0,1,0,0,0,0,0,0,0,0,0,0,0,0,,25,,0.000000000000,0.000000000000,,2
262805.000,2268,E19,I/NAV,5440.5882,0.6882,0.0000,0.3111,0.0000,-0.5278,0.0000,0.0000,0.0000,0.0000,0.0000,0.0000,0.0000,0.0000,0.0000,262800,262800,0.0000,0.0000,0.0000,2268,2268,54,1,0,0,1,0,0,0,0,0,0,0,0,0,0,0,0,,25,,0.000000000000,0.000000000000,,2
262805.000,2268,E29,I/NAV,5440.5882,0.5632,0.0000,0.3111,0.0000,-0.5278,0.0000,0.0000,0.0000,0.0000,0.0000,0.0000,0.0000,0.0000,0.0000,262800,262800,0.0000,0.0000,0.0000,2268,2268,54,1,0,0,1,0,0,0,0,0,0,0,0,0,0,0,0,,25,,0.000000000000,0.000000000000,,2
262805.000,2268,E25,I/NAV,5440.5882,0.1465,0.0000,0.3111,0.0000,0.1389,0.0000,0.0000,0.0000,0.0000,0.0000,0.0000,0.0000,0.0000,0.0000,262800,262800,0.0000,0.0000,0.0000,2268,2268,54,1,0,0,1,0,0,0,0,0,0,0,0,0,0,0,0,,25,,0.000000000000,0.000000000000,,2
262805.000,2268,E18,I/NAV,5440.5882,0.4382,0.0000,0.3111,0.0000,-0.5278,0.0000,0.0000,0.0000,0.0000,0.0000,0.0000,0.0000,0.0000,0.0000,262800,262800,0.0000,0.0000,0.0000,2268,2268,54,1,0,0,1,0,0,0,0,0,0,0,0,0,0,0,0,,25,,0.000000000000,0.000000000000,,2
262805.000,2268,E01,I/NAV,5440.5882,0.0215,0.0000,0.3111,0.0000,0.1389,0.0000,0.0000,0.0000,0.0000,0.0000,0.0000,0.0000,0.0000,0.0000,262800,262800,0.0000,0.0000,0.0000,2268,2268,54,1,0,0,1,0,0,0,0,0,0,0,0,0,0,0,0,,25,,0.000000000000,0.000000000000,,2
262805.000,2268,E03,I/NAV,5440.5882,0.5215,0.0000,0.3111,0.0000,0.1389,0.0000,0.0000,0.0000,0.0000,0.0000,0.0000,0.0000,0.0000,0.0000,262800,262800,0.0000,0.0000,0.0000,2268,2268,54,1,0,0,1,0,0,0,0,0,0,0,0,0,0,0,0,,25,,0.000000000000,0.000000000000,,2
262805.000,2268,E20,I/NAV,5440.5882,0.9382,0.0000,0.3111,0.0000,-0.5278,0.0000,0.0000,0.0000,0.0000,0.0000,0.0000,0.0000,0.0000,0.0000,262800,262800,0.0000,0.0000,0.0000,2268,2268,54,1,0,0,1,0,0,0,0,0,0,0,0,0,0,0,0,,25,,0.000000000000,0.000000000000,,2
262805.000,2268,E12,I/NAV,5440.5882,0.8548,0.0000,0.3111,0.0000,0.8056,0.0000,0.0000,0.0000,0.0000,0.0000,0.0000,0.0000,0.0000,0.0000,262800,262800,0.0000,0.0000,0.0000,2268,2268,54,1,0,0,1,0,0,0,0,0,0,0,0,0,0,0,0,,25,,0.000000000000,0.000000000000,,2
262805.000,2268,E27,I/NAV,5440.5882,0.7298,0.0000,0.3111,0.0000,0.8056,0.0000,0.0000,0.0000,0.0000,0.0000,0.0000,0.0000,0.0000,0.0000,262800,262800,0.0000,0.0000,0.0000,2268,2268,54,1,0,0,1,0,0,0,0,0,0,0,0,0,0,0,0,,25,,0.000000000000,0.000000000000,,2
262805.000,2268,E02,I/NAV,5440.5882,0.2715,0.0000,0.3111,0.0000,0.1389,0.0000,0.0000,0.0000,0.0000,0.0000,0.0000,0.0000,0.0000,0.0000,262800,262800,0.0000,0.0000,0.0000,2268,2268,54,1,0,0,1,0,0,0,0,0,0,0,0,0,0,0,0,,25,,0.000000000000,0.000000000000,,2
262840.000,2268,E29,F/NAV,5440.5882,0.5632,0.0000,0.3111,0.0000,-0.5278,0.0000,0.0000,0.0000,0.0000,0.0000,0.0000,0.0000,0.0000,0.0000,262800,262800,0.0000,0.0000,0.0000,2268,2268,54,0,0,0,0,0,0,1,0,0,0,0,0,0,0,0,0,25,,,0.000000000000,,,
262840.000,2268,E31,F/NAV,5440.5882,0.2532,0.0000,0.3111,0.0000,0.0000,0.0000,0.0000,0.0000,0.0000,0.0000,0.0000,0.0000,0.0000,0.0000,262800,262800,0.0000,0.0000,0.0000,2268,2268,54,0,0,0,0,0,0,1,0,0,0,0,0,0,0,0,0,25,,,0.000000000000,,,
262840.000,2268,E32,F/NAV,5440.5882,0.2532,0.0000,0.3111,0.0000,0.0000,0.0000,0.0000,0.0000,0.0000,0.0000,0.0000,0.0000,0.0000,0.0000,262800,262800,0.0000,0.0000,0.0000,2268,2268,54,0,0,0,0,0,0,1,0,0,0,0,0,0,0,0,0,25,,,0.000000000000,,,
262840.000,2268,E33,F/NAV,5440.5882,0.2532,0.0000,0.3111,0.0000,0.0000,0.0000,0.0000,0.0000,0.0000,0.0000,0.0000,0.0000,0.0000,0.0000,262800,262800,0.0000,0.0000,0.0000,2268,2268,54,0,0,0,0,0,0,1,0,0,0,0,0,0,0,0,0,25,,,0.000000000000,,,
262840.000,2268,E35,F/NAV,5440.5882,0.2532,0.0000,0.3111,0.0000,0.0000,0.0000,0.0000,0.0000,0.0000,0.0000,0.0000,0.0000,0.0000,0.0000,262800,262800,0.0000,0.0000,0.0000,2268,2268,54,0,0,0,0,0,0,1,0,0,0,0,0,0,0,0,0,25,,,0.000000000000,,,
262840.000,2268,E36,F/NAV,5440.5882,0.2532,0.0000,0.3111,0.0000,0.0000,0.0000,0.0000,0.0000,0.0000,0.0000,0.0000,0.0000,0.0000,0.0000,262800,262800,0.0000,0.0000,0.0000,2268,2268,54,0,0,0,0,0,0,1,0,0,0,0,0,0,0,0,0,25,,,0.000000000000,,,
262840.000,2268,E34,F/NAV,5440.5882,0.2532,0.0000,0.3111,0.0000,0.0000,0.0000,0.0000,0.0000,0.0000,0.0000,0.0000,0.0000,0.0000,0.0000,262800,262800,0.0000,0.0000,0.0000,2268,2268,54,0,0,0,0,0,0,1,0,0,0,0,0,0,0,0,0,25,,,0.000000000000,,,
262840.000,2268,E19,F/NAV,5440.5882,0.6882,0.0000,0.3111,0.0000,-0.5278,0.0000,0.0000,0.0000,0.0000,0.0000,0.0000,0.0000,0.0000,0.0000,262800,262800,0.0000,0.0000,0.0000,2268,2268,54,0,0,0,0,0,0,1,0,0,0,0,0,0,0,0,0,25,,,0.000000000000,,,
262840.000,2268,E25,F/NAV,5440.5882,0.1465,0.0000,0.3111,0.0000,0.1389,0.0000,0.0000,0.0000,0.0000,0.0000,0.0000,0.0000,0.0000,0.0000,262800,262800,0.0000,0.0000,0.0000,2268,2268,54,0,0,0,0,0,0,1,0,0,0,0,0,0,0,0,0,25,,,0.000000000000,,,
262840.000,2268,E02,F/NAV,5440.5882,0.2715,0.0000,0.3111,0.0000,0.1389,0.0000,0.0000,0.0000,0.0000,0.0000,0.0000,0.0000,0.0000,0.0000,262800,262800,0.0000,0.0000,0.0000,2268,2268,54,0,0,0,0,0,0,1,0,0,0,0,0,0,0,0,0,25,,,0.000000000000,,,
262840.000,2268,E18,F/NAV,5440.5882,0.4382,0.0000,0.3111,0.0000,-0.5278,0.0000,0.0000,0.0000,0.0000,0.0000,0.0000,0.0000,0.0000,0.0000,262800,262800,0.0000,0.0000,0.0000,2268,2268,54,0,0,0,0,0,0,1,0,0,0,0,0,0,0,0,0,25,,,0.000000000000,,,
262840.000,2268,E01,F/NAV,5440.5882,0.0215,0.0000,0.3111,0.0000,0.1389,0.0000,0.0000,0.0000,0.0000,0.0000,0.0000,0.0000,0.0000,0.0000,262800,262800,0.0000,0.0000,0.0000,2268,2268,54,0,0,0,0,0,0,1,0,0,0,0,0,0,0,0,0,25,,,0.000000000000,,,
262840.000,2268,E03,F/NAV,5440.5882,0.5215,0.0000,0.3111,0.0000,0.1389,0.0000,0.0000,0.0000,0.0000,0.0000,0.0000,0.0000,0.0000,0.0000,262800,262800,0.0000,0.0000,0.0000,2268,2268,54,0,0,0,0,0,0,1,0,0,0,0,0,0,0,0,0,25,,,0.000000000000,,,
262840.000,2268,E20,F/NAV,5440.5882,0.9382,0.0000,0.3111,0.0000,-0.5278,0.0000,0.0000,0.0000,0.0000,0.0000,0.0000,0.0000,0.0000,0.0000,262800,262800,0.0000,0.0000,0.0000,2268,2268,54,0,0,0,0,0,0,1,0,0,0,0,0,0,0,0,0,25,,,0.000000000000,,,
262840.000,2268,E12,F/NAV,5440.5882,0.8548,0.0000,0.3111,0.0000,0.8056,0.0000,0.0000,0.0000,0.0000,0.0000,0.0000,0.0000,0.0000,0.0000,262800,262800,0.0000,0.0000,0.0000,2268,2268,54,0,0,0,0,0,0,1,0,0,0,0,0,0,0,0,0,25,,,0.000000000000,,,
262840.000,2268,E27,F/NAV,5440.5882,0.7298,0.0000,0.3111,0.0000,0.8056,0.0000,0.0000,0.0000,0.0000,0.0000,0.0000,0.0000,0.0000,0.0000,262800,262800,0.0000,0.0000,0.0000,2268,2268,54,0,0,0,0,0,0,1,0,0,0,0,0,0,0,0,0,25,,,0.000000000000,,,
263405.000,2268,E33,I/NAV,5440.5882,0.2769,0.0000,0.3111,0.0000,0.0000,0.0000,0.0000,0.0000,0.0000,0.0000,0.0000,0.0000,0.0000,0.0000,263400,263400,0.0000,0.0000,0.0000,2268,2268,55,1,0,0,1,0,0,0,0,0,0,0,0,0,0,0,0,,25,,0.000000000000,0.000000000000,,2
263405.000,2268,E32,I/NAV,5440.5882,0.2769,0.0000,0.3111,0.0000,0.0000,0.0000,0.0000,0.0000,0.0000,0.0000,0.0000,0.0000,0.0000,0.0000,263400,263400,0.0000,0.0000,0.0000,2268,2268,55,1,0,0,1,0,0,0,0,0,0,0,0,0,0,0,0,,25,,0.000000000000,0.000000000000,,2
263405.000,2268,E36,I/NAV,5440.5882,0.2769,0.0000,0.3111,0.0000,0.0000,0.0000,0.0000,0.0000,0.0000,0.0000,0.0000,0.0000,0.0000,0.0000,263400,263400,0.0000,0.0000,0.0000,2268,2268,55,1,0,0,1,0,0,0,0,0,0,0,0,0,0,0,0,,25,,0.000000000000,0.000000000000,,2
263405.000,2268,E35,I/NAV,5440.5882,0.2769,0.0000,0.3111,0.0000,0.0000,0.0000,0.0000,0.0000,0.0000,0.0000,0.0000,0.0000,0.0000,0.0000,263400,263400,0.0000,0.0000,0.0000,2268,2268,55,1,0,0,1,0,0,0,0,0,0,0,0,0,0,0,0,,25,,0.000000000000,0.000000000000,,2
263405.000,2268,E31,I/NAV,5440.5882,0.2769,0.0000,0.3111,0.0000,0.0000,0.0000,0.0000,0.0000,0.0000,0.0000,0.0000,0.0000,0.0000,0.0000,263400,263400,0.0000,0.0000,0.0000,2268,2268,55,1,0,0,1,0,0,0,0,0,0,0,0,0,0,0,0,,25,,0.000000000000,0.000000000000,,2
263405.000,2268,E34,I/NAV,5440.5882,0.2769,0.0000,0.3111,0.0000,0.0000,0.0000,0.0000,0.0000,0.0000,0.0000,0.0000,0.0000,0.0000,0.0000,263400,263400,0.0000,0.0000,0.0000,2268,2268,55,1,0,0,1,0,0,0,0,0,0,0,0,0,0,0,0,,25,,0.000000000000,0.000000000000,,2
263405.000,2268,E19,I/NAV,5440.5882,0.7119,0.0000,0.3111,0.0000,-0.5278,0.0000,0.0000,0.0000,0.0000,0.0000,0.0000,0.0000,0.0000,0.0000,263400,263400,0.0000,0.0000,0.0000,2268,2268,55,1,0,0,1,0,0,0,0,0,0,0,0,0,0,0,0,,25,,0.000000000000,0.000000000000,,2
263405.000,2268,E29,I/NAV,5440.5882,0.5869,0.0000,0.3111,0.0000,-0.5278,0.0000,0.0000,0.0000,0.0000,0.0000,0.0000,0.0000,0.0000,0.0000,263400,263400,0.0000,0.0000,0.0000,2268,2268,55,1,0,0,1,0,0,0,0,0,0,0,0,0,0,0,0,,25,,0.000000000000,0.000000000000,,2
263405.000,2268,E02,I/NAV,5440.5882,0.2952,0.0000,0.3111,0.0000,0.1389,0.0000,0.0000,0.0000,0.0000,0.0000,0.0000,0.0000,0.0000,0.0000,263400,263400,0.0000,0.0000,0.0000,2268,2268,55,1,0,0,1,0,0,0,0,0,0,0,0,0,0,0,0,,25,,0.000000000000,0.000000000000,,2
263405.000,2268,E25,I/NAV,5440.5882,0.1702,0.0000,0.3111,0.0000,0.1389,0.0000,0.0000,0.0000,0.0000,0.0000,0.0000,0.0000,0.0000,0.0000,263400,263400,0.0000,0.0000,0.0000,2268,2268,55,1,0,0,1,0,0,0,0,0,0,0,0,0,0,0,0,,25,,0.000000000000,0.000000000000,,2
263405.000,2268,E18,I/NAV,5440.5882,0.4619,0.0000,0.3111,0.0000,-0.5278,0.0000,0.0000,0.0000,0.0000,0.0000,0.0000,0.0000,0.0000,0.0000,263400,263400,0.0000,0.0000,0.0000,2268,2268,55,1,0,0,1,0,0,0,0,0,0,0,0,0,0,0,0,,25,,0.000000000000,0.000000000000,,2
263405.000,2268,E01,I/NAV,5440.5882,0.0452,0.0000,0.3111,0.0000,0.1389,0.0000,0.0000,0.0000,0.0000,0.0000,0.0000,0.0000,0.0000,0.0000,263400,263400,0.0000,0.0000,0.0000,2268,2268,55,1,0,0,1,0,0,0,0,0,0,0,0,0,0,0,0,,25,,0.000000000000,0.000000000000,,2
263405.000,2268,E03,I/NAV,5440.5882,0.5452,0.0000,0.3111,0.0000,0.1389,0.0000,0.0000,0.0000,0.0000,0.0000,0.0000,0.0000,0.0000,0.0000,263400,263400,0.0000,0.0000,0.0000,2268,2268,55,1,0,0,1,0,0,0,0,0,0,0,0,0,0,0,0,,25,,0.000000000000,0.000000000000,,2
263405.000,2268,E20,I/NAV,5440.5882,0.9619,0.0000,0.3111,0.0000,-0.5278,0.0000,0.0000,0.0000,0.0000,0.0000,0.0000,0.0000,0.0000,0.0000,263400,263400,0.0000,0.0000,0.0000,2268,2268,55,1,0,0,1,0,0,0,0,0,0,0,0,0,0,0,0,,25,,0.000000000000,0.000000000000,,2
263405.000,2268,E12,I/NAV,5440.5882,0.8785,0.0000,0.3111,0.0000,0.8056,0.0000,0.0000,0.0000,0.0000,0.0000,0.0000,0.0000,0.0000,0.0000,263400,263400,0.0000,0.0000,0.0000,2268,2268,55,1,0,0,1,0,0,0,0,0,0,0,0,0,0,0,0,,25,,0.000000000000,0.000000000000,,2
263405.000,2268,E27,I/NAV,5440.5882,0.7535,0.0000,0.3111,0.0000,0.8056,0.0000,0.0000,0.0000,0.0000,0.0000,0.0000,0.0000,0.0000,0.0000,263400,263400,0.0000,0.0000,0.0000,2268,2268,55,1,0,0,1,0,0,0,0,0,0,0,0,0,0,0,0,,25,,0.000000000000,0.000000000000,,2
263440.000,2268,E29,F/NAV,5440.5882,0.5869,0.0000,0.3111,0.0000,-0.5278,0.0000,0.0000,0.0000,0.0000,0.0000,0.0000,0.0000,0.0000,0.0000,263400,263400,0.0000,0.0000,0.0000,2268,2268,55,0,0,0,0,0,0,1,0,0,0,0,0,0,0,0,0,25,,,0.000000000000,,,
263440.000,2268,E31,F/NAV,5440.5882,0.2769,0.0000,0.3111,0.0000,0.0000,0.0000,0.0000,0.0000,0.0000,0.0000,0.0000,0.0000,0.0000,0.0000,263400,263400,0.0000,0.0000,0.0000,2268,2268,55,0,0,0,0,0,0,1,0,0,0,0,0,0,0,0,0,25,,,0.000000000000,,,
263440.000,2268,E32,F/NAV,5440.5882,0.2769,0.0000,0.3111,0.0000,0.0000,0.0000,0.0000,0.0000,0.0000,0.0000,0.0000,0.0000,0.0000,0.0000,263400,263400,0.0000,0.0000,0.0000,2268,2268,55,0,0,0,0,0,0,1,0,0,0,0,0,0,0,0,0,25,,,0.000000000000,,,
263440.000,2268,E33,F/NAV,5440.5882,0.2769,0.0000,0.3111,0.0000,0.0000,0.0000,0.0000,0.0000,0.0000,0.0000,0.0000,0.0000,0.0000,0.0000,263400,263400,0.0000,0.0000,0.0000,2268,2268,55,0,0,0,0,0,0,1,0,0,0,0,0,0,0,0,0,25,,,0.000000000000,,,
263440.000,2268,E35,F/NAV,5440.5882,0.2769,0.0000,0.3111,0.0000,0.0000,0.0000,0.0000,0.0000,0.0000,0.0000,0.0000,0.0000,0.0000,0.0000,263400,263400,0.0000,0.0000,0.0000,2268,2268,55,0,0,0,0,0,0,1,0,0,0,0,0,0,0,0,0,25,,,0.000000000000,,,
263440.000,2268,E36,F/NAV,5440.5882,0.2769,0.0000,0.3111,0.0000,0.0000,0.0000,0.0000,0.0000,0.0000,0.0000,0.0000,0.0000,0.0000,0.0000,263400,263400,0.0000,0.0000,0.0000,2268,2268,55,0,0,0,0,0,0,1,0,0,0,0,0,0,0,0,0,25,,,0.000000000000,,,
263440.000,2268,E34,F/NAV,5440.5882,0.2769,0.0000,0.3111,0.0000,0.0000,0.0000,0.0000,0.0000,0.0000,0.0000,0.0000,0.0000,0.0000,0.0000,263400,263400,0.0000,0.0000,0.0000,2268,2268,55,0,0,0,0,0,0,1,0,0,0,0,0,0,0,0,0,25,,,0.000000000000,,,
263440.000,2268,E19,F/NAV,5440.5882,0.7119,0.0000,0.3111,0.0000,-0.5278,0.0000,0.0000,0.0000,0.0000,0.0000,0.0000,0.0000,0.0000,0.0000,263400,263400,0.0000,0.0000,0.0000,2268,2268,55,0,0,0,0,0,0,1,0,0,0,0,0,0,0,0,0,25,,,0.000000000000,,,
263440.000,2268,E25,F/NAV,5440.5882,0.1702,0.0000,0.3111,0.0000,0.1389,0.0000,0.0000,0.0000,0.0000,0.0000,0.0000,0.0000,0.0000,0.0000,263400,263400,0.0000,0.0000,0.0000,2268,2268,55,0,0,0,0,0,0,1,0,0,0,0,0,0,0,0,0,25,,,0.000000000000,,,
263440.000,2268,E02,F/NAV,5440.5882,0.2952,0.0000,0.3111,0.0000,0.1389,0.0000,0.0000,0.0000,0.0000,0.0000,0.0000,0.0000,0.0000,0.0000,263400,263400,0.0000,0.0000,0.0000,2268,2268,55,0,0,0,0,0,0,1,0,0,0,0,0,0,0,0,0,25,,,0.000000000000,,,
263440.000,2268,E18,F/NAV,5440.5882,0.4619,0.0000,0.3111,0.0000,-0.5278,0.0000,0.0000,0.0000,0.0000,0.0000,0.0000,0.0000,0.0000,0.0000,263400,263400,0.0000,0.0000,0.0000,2268,2268,55,0,0,0,0,0,0,1,0,0,0,0,0,0,0,0,0,25,,,0.000000000000,,,
263440.000,2268,E01,F/NAV,5440.5882,0.0452,0.0000,0.3111,0.0000,0.1389,0.0000,0.0000,0.0000,0.0000,0.0000,0.0000,0.0000,0.0000,0.0000,263400,263400,0.0000,0.0000,0.0000,2268,2268,55,0,0,0,0,0,0,1,0,0,0,0,0,0,0,0,0,25,,,0.000000000000,,,
263440.000,2268,E03,F/NAV,5440.5882,0.5452,0.0000,0.3111,0.0000,0.1389,0.0000,0.0000,0.0000,0.0000,0.0000,0.0000,0.0000,0.0000,0.0000,263400,263400,0.0000,0.0000,0.0000,2268,2268,55,0,0,0,0,0,0,1,0,0,0,0,0,0,0,0,0,25,,,0.000000000000,,,
263440.000,2268,E20,F/NAV,5440.5882,0.9619,0.0000,0.3111,0.0000,-0.5278,0.0000,0.0000,0.0000,0.0000,0.0000,0.0000,0.0000,0.0000,0.0000,263400,263400,0.0000,0.0000,0.0000,2268,2268,55,0,0,0,0,0,0,1,0,0,0,0,0,0,0,0,0,25,,,0.000000000000,,,
263440.000,2268,E27,F/NAV,5440.5882,0.7535,0.0000,0.3111,0.0000,0.8056,0.0000,0.0000,0.0000,0.0000,0.0000,0.0000,0.0000,0.0000,0.0000,263400,263400,0.0000,0.0000,0.0000,2268,2268,55,0,0,0,0,0,0,1,0,0,0,0,0,0,0,0,0,25,,,0.000000000000,,,
263440.000,2268,E12,F/NAV,5440.5882,0.8785,0.0000,0.3111,0.0000,0.8056,0.0000,0.0000,0.0000,0.0000,0.0000,0.0000,0.0000,0.0000,0.0000,263400,263400,0.0000,0.0000,0.0000,2268,2268,55,0,0,0,0,0,0,1,0,0,0,0,0,0,0,0,0,25,,,0.000000000000,,,
264005.000,2268,E33,I/NAV,5440.5882,0.3005,0.0000,0.3111,0.0000,0.0000,0.0000,0.0000,0.0000,0.0000,0.0000,0.0000,0.0000,0.0000,0.0000,264000,264000,0.0000,0.0000,0.0000,2268,2268,56,1,0,0,1,0,0,0,0,0,0,0,0,0,0,0,0,,25,,0.000000000000,0.000000000000,,2
264005.000,2268,E32,I/NAV,5440.5882,0.3005,0.0000,0.3111,0.0000,0.0000,0.0000,0.0000,0.0000,0.0000,0.0000,0.0000,0.0000,0.0000,0.0000,264000,264000,0.0000,0.0000,0.0000,2268,2268,56,1,0,0,1,0,0,0,0,0,0,0,0,0,0,0,0,,25,,0.000000000000,0.000000000000,,2
264005.000,2268,E36,I/NAV,5440.5882,0.3005,0.0000,0.3111,0.0000,0.0000,0.0000,0.0000,0.0000,0.0000,0.0000,0.0000,0.0000,0.0000,0.0000,264000,264000,0.0000,0.0000,0.0000,2268,2268,56,1,0,0,1,0,0,0,0,0,0,0,0,0,0,0,0,,25,,0.000000000000,0.000000000000,,2
264005.000,2268,E35,I/NAV,5440.5882,0.3005,0.0000,0.3111,0.0000,0.0000,0.0000,0.0000,0.0000,0.0000,0.0000,0.0000,0.0000,0.0000,0.0000,264000,264000,0.0000,0.0000,0.0000,2268,2268,56,1,0,0,1,0,0,0,0,0,0,0,0,0,0,0,0,,25,,0.000000000000,0.000000000000,,2
264005.000,2268,E29,I/NAV,5440.5882,0.6105,0.0000,0.3111,0.0000,-0.5278,0.0000,0.0000,0.0000,0.0000,0.0000,0.0000,0.0000,0.0000,0.0000,264000,264000,0.0000,0.0000,0.0000,2268,2268,56,1,0,0,1,0,0,0,0,0,0,0,0,0,0,0,0,,25,,0.000000000000,0.000000000000,,2
264005.000,2268,E31,I/NAV,5440.5882,0.3005,0.0000,0.3111,0.0000,0.0000,0.0000,0.0000,0.0000,0.0000,0.0000,0.0000,0.0000,0.0000,0.0000,264000,264000,0.0000,0.0000,0.0000,2268,2268,56,1,0,0,1,0,0,0,0,0,0,0,0,0,0,0,0,,25,,0.000000000000,0.000000000000,,2
264005.000,2268,E34,I/NAV,5440.5882,0.3005,0.0000,0.3111,0.0000,0.0000,0.0000,0.0000,0.0000,0.0000,0.0000,0.0000,0.0000,0.0000,0.0000,264000,264000,0.0000,0.0000,0.0000,2268,2268,56,1,0,0,1,0,0,0,0,0,0,0,0,0,0,0,0,,25,,0.000000000000,0.000000000000,,2
264005.000,2268,E02,I/NAV,5440.5882,0.3189,0.0000,0.3111,0.0000,0.1389,0.0000,0.0000,0.0000,0.0000,0.0000,0.0000,0.0000,0.0000,0.0000,264000,264000,0.0000,0.0000,0.0000,2268,2268,56,1,0,0,1,0,0,0,0,0,0,0,0,0,0,0,0,,25,,0.000000000000,0.000000000000,,2
264005.000,2268,E18,I/NAV,5440.5882,0.4855,0.0000,0.3111,0.0000,-0.5278,0.0000,0.0000,0.0000,0.0000,0.0000,0.0000,0.0000,0.0000,0.0000,264000,264000,0.0000,0.0000,0.0000,2268,2268,56,1,0,0,1,0,0,0,0,0,0,0,0,0,0,0,0,,25,,0.000000000000,0.000000000000,,2
264005.000,2268,E01,I/NAV,5440.5882,0.0689,0.0000,0.3111,0.0000,0.1389,0.0000,0.0000,0.0000,0.0000,0.0000,0.0000,0.0000,0.0000,0.0000,264000,264000,0.0000,0.0000,0.0000,2268,2268,56,1,0,0,1,0,0,0,0,0,0,0,0,0,0,0,0,,25,,0.000000000000,0.000000000000,,2
264005.000,2268,E19,I/NAV,5440.5882,0.7355,0.0000,0.3111,0.0000,-0.5278,0.0000,0.0000,0.0000,0.0000,0.0000,0.0000,0.0000,0.0000,0.0000,264000,264000,0.0000,0.0000,0.0000,2268,2268,56,1,0,0,1,0,0,0,0,0,0,0,0,0,0,0,0,,25,,0.000000000000,0.000000000000,,2
264005.000,2268,E25,I/NAV,5440.5882,0.1939,0.0000,0.3111,0.0000,0.1389,0.0000,0.0000,0.0000,0.0000,0.0000,0.0000,0.0000,0.0000,0.0000,264000,264000,0.0000,0.0000,0.0000,2268,2268,56,1,0,0,1,0,0,0,0,0,0,0,0,0,0,0,0,,25,,0.000000000000,0.000000000000,,2
264005.000,2268,E03,I/NAV,5440.5882,0.5689,0.0000,0.3111,0.0000,0.1389,0.0000,0.0000,0.0000,0.0000,0.0000,0.0000,0.0000,0.0000,0.0000,264000,264000,0.0000,0.0000,0.0000,2268,2268,56,1,0,0,1,0,0,0,0,0,0,0,0,0,0,0,0,,25,,0.000000000000,0.000000000000,,2
264005.000,2268,E20,I/NAV,5440.5882,0.9855,0.0000,0.3111,0.0000,-0.5278,0.0000,0.0000,0.0000,0.0000,0.0000,0.0000,0.0000,0.0000,0.0000,264000,264000,0.0000,0.0000,0.0000,2268,2268,56,1,0,0,1,0,0,0,0,0,0,0,0,0,0,0,0,,25,,0.000000000000,0.000000000000,,2
264005.000,2268,E27,I/NAV,5440.5882,0.7772,0.0000,0.3111,0.0000,0.8056,0.0000,0.0000,0.0000,0.0000,0.0000,0.0000,0.0000,0.0000,0.0000,264000,264000,0.0000,0.0000,0.0000,2268,2268,56,1,0,0,1,0,0,0,0,0,0,0,0,0,0,0,0,,25,,0.000000000000,0.000000000000,,2
264005.000,2268,E12,I/NAV,5440.5882,0.9022,0.0000,0.3111,0.0000,0.8056,0.0000,0.0000,0.0000,0.0000,0.0000,0.0000,0.0000,0.0000,0.0000,264000,264000,0.0000,0.0000,0.0000,2268,2268,56,1,0,0,1,0,0,0,0,0,0,0,0,0,0,0,0,,25,,0.000000000000,0.000000000000,,2
264027.000,2268,E11,I/NAV,5440.5882,0.6522,0.0000,0.3111,0.0000,0.8056,0.0000,0.0000,0.0000,0.0000,0.0000,0.0000,0.0000,0.0000,0.0000,264000,264000,0.0000,0.0000,0.0000,2268,2268,56,1,0,0,1,0,0,0,0,0,0,0,0,0,0,0,0,,25,,0.000000000000,0.000000000000,,2
264040.000,2268,E29,F/NAV,5440.5882,0.6105,0.0000,0.3111,0.0000,-0.5278,0.0000,0.0000,0.0000,0.0000,0.0000,0.0000,0.0000,0.0000,0.0000,264000,264000,0.0000,0.0000,0.0000,2268,2268,56,0,0,0,0,0,0,1,0,0,0,0,0,0,0,0,0,25,,,0.000000000000,,,
264040.000,2268,E31,F/NAV,5440.5882,0.3005,0.0000,0.3111,0.0000,0.0000,0.0000,0.0000,0.0000,0.0000,0.0000,0.0000,0.0000,0.0000,0.0000,264000,264000,0.0000,0.0000,0.0000,2268,2268,56,0,0,0,0,0,0,1,0,0,0,0,0,0,0,0,0,25,,,0.000000000000,,,
264040.000,2268,E32,F/NAV,5440.5882,0.3005,0.0000,0.3111,0.0000,0.0000,0.0000,0.0000,0.0000,0.0000,0.0000,0.0000,0.0000,0.0000,0.0000,264000,264000,0.0000,0.0000,0.0000,2268,2268,56,0,0,0,0,0,0,1,0,0,0,0,0,0,0,0,0,25,,,0.000000000000,,,
264040.000,2268,E33,F/NAV,5440.5882,0.3005,0.0000,0.3111,0.0000,0.0000,0.0000,0.0000,0.0000,0.0000,0.0000,0.0000,0.0000,0.0000,0.0000,264000,264000,0.0000,0.0000,0.0000,2268,2268,56,0,0,0,0,0,0,1,0,0,0,0,0,0,0,0,0,25,,,0.000000000000,,,
264040.000,2268,E35,F/NAV,5440.5882,0.3005,0.0000,0.3111,0.0000,0.0000,0.0000,0.0000,0.0000,0.0000,0.0000,0.0000,0.0000,0.0000,0.0000,264000,264000,0.0000,0.0000,0.0000,2268,2268,56,0,0,0,0,0,0,1,0,0,0,0,0,0,0,0,0,25,,,0.000000000000,,,
264040.000,2268,E36,F/NAV,5440.5882,0.3005,0.0000,0.3111,0.0000,0.0000,0.0000,0.0000,0.0000,0.0000,0.0000,0.0000,0.0000,0.0000,0.0000,264000,264000,0.0000,0.0000,0.0000,2268,2268,56,0,0,0,0,0,0,1,0,0,0,0,0,0,0,0,0,25,,,0.000000000000,,,
264040.000,2268,E34,F/NAV,5440.5882,0.3005,0.0000,0.3111,0.0000,0.0000,0.0000,0.0000,0.0000,0.0000,0.0000,0.0000,0.0000,0.0000,0.0000,264000,264000,0.0000,0.0000,0.0000,2268,2268,56,0,0,0,0,0,0,1,0,0,0,0,0,0,0,0,0,25,,,0.000000000000,,,
264040.000,2268,E25,F/NAV,5440.5882,0.1939,0.0000,0.3111,0.0000,0.1389,0.0000,0.0000,0.0000,0.0000,0.0000,0.0000,0.0000,0.0000,0.0000,264000,264000,0.0000,0.0000,0.0000,2268,2268,56,0,0,0,0,0,0,1,0,0,0,0,0,0,0,0,0,25,,,0.000000000000,,,
264040.000,2268,E19,F/NAV,5440.5882,0.7355,0.0000,0.3111,0.0000,-0.5278,0.0000,0.0000,0.0000,0.0000,0.0000,0.0000,0.0000,0.0000,0.0000,264000,264000,0.0000,0.0000,0.0000,2268,2268,56,0,0,0,0,0,0,1,0,0,0,0,0,0,0,0,0,25,,,0.000000000000,,,
264040.000,2268,E02,F/NAV,5440.5882,0.3189,0.0000,0.3111,0.0000,0.1389,0.0000,0.0000,0.0000,0.0000,0.0000,0.0000,0.0000,0.0000,0.0000,264000,264000,0.0000,0.0000,0.0000,2268,2268,56,0,0,0,0,0,0,1,0,0,0,0,0,0,0,0,0,25,,,0.000000000000,,,
264040.000,2268,E18,F/NAV,5440.5882,0.4855,0.0000,0.3111,0.0000,-0.5278,0.0000,0.0000,0.0000,0.0000,0.0000,0.0000,0.0000,0.0000,0.0000,264000,264000,0.0000,0.0000,0.0000,2268,2268,56,0,0,0,0,0,0,1,0,0,0,0,0,0,0,0,0,25,,,0.000000000000,,,
264040.000,2268,E01,F/NAV,5440.5882,0.0689,0.0000,0.3111,0.0000,0.1389,0.0000,0.0000,0.0000,0.0000,0.0000,0.0000,0.0000,0.0000,0.0000,264000,264000,0.0000,0.0000,0.0000,2268,2268,56,0,0,0,0,0,0,1,0,0,0,0,0,0,0,0,0,25,,,0.000000000000,,,
264040.000,2268,E03,F/NAV,5440.5882,0.5689,0.0000,0.3111,0.0000,0.1389,0.0000,0.0000,0.0000,0.0000,0.0000,0.0000,0.0000,0.0000,0.0000,264000,264000,0.0000,0.0000,0.0000,2268,2268,56,0,0,0,0,0,0,1,0,0,0,0,0,0,0,0,0,25,,,0.000000000000,,,
264040.000,2268,E20,F/NAV,5440.5882,0.9855,0.0000,0.3111,0.0000,-0.5278,0.0000,0.0000,0.0000,0.0000,0.0000,0.0000,0.0000,0.0000,0.0000,264000,264000,0.0000,0.0000,0.0000,2268,2268,56,0,0,0,0,0,0,1,0,0,0,0,0,0,0,0,0,25,,,0.000000000000,,,
264040.000,2268,E27,F/NAV,5440.5882,0.7772,0.0000,0.3111,0.0000,0.8056,0.0000,0.0000,0.0000,0.0000,0.0000,0.0000,0.0000,0.0000,0.0000,264000,264000,0.0000,0.0000,0.0000,2268,2268,56,0,0,0,0,0,0,1,0,0,0,0,0,0,0,0,0,25,,,0.000000000000,,,
264070.000,2268,E11,F/NAV,5440.5882,0.6522,0.0000,0.3111,0.0000,0.8056,0.0000,0.0000,0.0000,0.0000,0.0000,0.0000,0.0000,0.0000,0.0000,264000,264000,0.0000,0.0000,0.0000,2268,2268,56,0,0,0,0,0,0,1,0,0,0,0,0,0,0,0,0,25,,,0.000000000000,,,
264395.000,2268,E17,I/NAV,5440.5882,0.2355,0.0000,0.3111,0.0000,-0.5278,0.0000,0.0000,0.0000,0.0000,0.0000,0.0000,0.0000,0.0000,0.0000,264000,264000,0.0000,0.0000,0.0000,2268,2268,56,1,0,0,1,0,0,0,0,0,0,0,0,0,0,0,0,,25,,0.000000000000,0.000000000000,,2
264440.000,2268,E17,F/NAV,5440.5882,0.2355,0.0000,0.3111,0.0000,-0.5278,0.0000,0.0000,0.0000,0.0000,0.0000,0.0000,0.0000,0.0000,0.0000,264000,264000,0.0000,0.0000,0.0000,2268,2268,56,0,0,0,0,0,0,1,0,0,0,0,0,0,0,0,0,25,,,0.000000000000,,,
264605.000,2268,E33,I/NAV,5440.5882,0.3242,0.0000,0.3111,0.0000,0.0000,0.0000,0.0000,0.0000,0.0000,0.0000,0.0000,0.0000,0.0000,0.0000,264600,264600,0.0000,0.0000,0.0000,2268,2268,57,1,0,0,1,0,0,0,0,0,0,0,0,0,0,0,0,,25,,0.000000000000,0.000000000000,,2
264605.000,2268,E32,I/NAV,5440.5882,0.3242,0.0000,0.3111,0.0000,0.0000,0.0000,0.0000,0.0000,0.0000,0.0000,0.0000,0.0000,0.0000,0.0000,264600,264600,0.0000,0.0000,0.0000,2268,2268,57,1,0,0,1,0,0,0,0,0,0,0,0,0,0,0,0,,25,,0.000000000000,0.000000000000,,2
264605.000,2268,E36,I/NAV,5440.5882,0.3242,0.0000,0.3111,0.0000,0.0000,0.0000,0.0000,0.0000,0.0000,0.0000,0.0000,0.0000,0.0000,0.0000,264600,264600,0.0000,0.0000,0.0000,2268,2268,57,1,0,0,1,0,0,0,0,0,0,0,0,0,0,0,0,,25,,0.000000000000,0.000000000000,,2
264605.000,2268,E35,I/NAV,5440.5882,0.3242,0.0000,0.3111,0.0000,0.0000,0.0000,0.0000,0.0000,0.0000,0.0000,0.0000,0.0000,0.0000,0.0000,264600,264600,0.0000,0.0000,0.0000,2268,2268,57,1,0,0,1,0,0,0,0,0,0,0,0,0,0,0,0,,25,,0.000000000000,0.000000000000,,2
264605.000,2268,E29,I/NAV,5440.5882,0.6342,0.0000,0.3111,0.0000,-0.5278,0.0000,0.0000,0.0000,0.0000,0.0000,0.0000,0.0000,0.0000,0.0000,264600,264600,0.0000,0.0000,0.0000,2268,2268,57,1,0,0,1,0,0,0,0,0,0,0,0,0,0,0,0,,25,,0.000000000000,0.000000000000,,2
264605.000,2268,E31,I/NAV,5440.5882,0.3242,0.0000,0.3111,0.0000,0.0000,0.0000,0.0000,0.0000,0.0000,0.0000,0.0000,0.0000,0.0000,0.0000,264600,264600,0.0000,0.0000,0.0000,2268,2268,57,1,0,0,1,0,0,0,0,0,0,0,0,0,0,0,0,,25,,0.000000000000,0.000000000000,,2
264605.000,2268,E34,I/NAV,5440.5882,0.3242,0.0000,0.3111,0.0000,0.0000,0.0000,0.0000,0.0000,0.0000,0.0000,0.0000,0.0000,0.0000,0.0000,264600,264600,0.0000,0.0000,0.0000,2268,2268,57,1,0,0,1,0,0,0,0,0,0,0,0,0,0,0,0,,25,,0.000000000000,0.000000000000,,2
264605.000,2268,E25,I/NAV,5440.5882,0.2175,0.0000,0.3111,0.0000,0.1389,0.0000,0.0000,0.0000,0.0000,0.0000,0.0000,0.0000,0.0000,0.0000,264600,264600,0.0000,0.0000,0.0000,2268,2268,57,1,0,0,1,0,0,0,0,0,0,0,0,0,0,0,0,,25,,0.000000000000,0.000000000000,,2
264605.000,2268,E19,I/NAV,5440.5882,0.7592,0.0000,0.3111,0.0000,-0.5278,0.0000,0.0000,0.0000,0.0000,0.0000,0.0000,0.0000,0.0000,0.0000,264600,264600,0.0000,0.0000,0.0000,2268,2268,57,1,0,0,1,0,0,0,0,0,0,0,0,0,0,0,0,,25,,0.000000000000,0.000000000000,,2
264605.000,2268,E02,I/NAV,5440.5882,0.3425,0.0000,0.3111,0.0000,0.1389,0.0000,0.0000,0.0000,0.0000,0.0000,0.0000,0.0000,0.0000,0.0000,264600,264600,0.0000,0.0000,0.0000,2268,2268,57,1,0,0,1,0,0,0,0,0,0,0,0,0,0,0,0,,25,,0.000000000000,0.000000000000,,2
264605.000,2268,E18,I/NAV,5440.5882,0.5092,0.0000,0.3111,0.0000,-0.5278,0.0000,0.0000,0.0000,0.0000,0.0000,0.0000,0.0000,0.0000,0.0000,264600,264600,0.0000,0.0000,0.0000,2268,2268,57,1,0,0,1,0,0,0,0,0,0,0,0,0,0,0,0,,25,,0.000000000000,0.000000000000,,2
264605.000,2268,E01,I/NAV,5440.5882,0.0925,0.0000,0.3111,0.0000,0.1389,0.0000,0.0000,0.0000,0.0000,0.0000,0.0000,0.0000,0.0000,0.0000,264600,264600,0.0000,0.0000,0.0000,2268,2268,57,1,0,0,1,0,0,0,0,0,0,0,0,0,0,0,0,,25,,0.000000000000,0.000000000000,,2
264605.000,2268,E27,I/NAV,5440.5882,0.8009,0.0000,0.3111,0.0000,0.8056,0.0000,0.0000,0.0000,0.0000,0.0000,0.0000,0.0000,0.0000,0.0000,264600,264600,0.0000,0.0000,0.0000,2268,2268,57,1,0,0,1,0,0,0,0,0,0,0,0,0,0,0,0,,25,,0.000000000000,0.000000000000,,2
264605.000,2268,E17,I/NAV,5440.5882,0.2592,0.0000,0.3111,0.0000,-0.5278,0.0000,0.0000,0.0000,0.0000,0.0000,0.0000,0.0000,0.0000,0.0000,264600,264600,0.0000,0.0000,0.0000,2268,2268,57,1,0,0,1,0,0,0,0,0,0,0,0,0,0,0,0,,25,,0.000000000000,0.000000000000,,2
264605.000,2268,E03,I/NAV,5440.5882,0.5925,0.0000,0.3111,0.0000,0.1389,0.0000,0.0000,0.0000,0.0000,0.0000,0.0000,0.0000,0.0000,0.0000,264600,264600,0.0000,0.0000,0.0000,2268,2268,57,1,0,0,1,0,0,0,0,0,0,0,0,0,0,0,0,,25,,0.000000000000,0.000000000000,,2
264605.000,2268,E20,I/NAV,5440.5882,-0.9908,0.0000,0.3111,0.0000,-0.5278,0.0000,0.0000,0.0000,0.0000,0.0000,0.0000,0.0000,0.0000,0.0000,264600,264600,0.0000,0.0000,0.0000,2268,2268,57,1,0,0,1,0,0,0,0,0,0,0,0,0,0,0,0,,25,,0.000000000000,0.000000000000,,2
264640.000,2268,E29,F/NAV,5440.5882,0.6342,0.0000,0.3111,0.0000,-0.5278,0.0000,0.0000,0.0000,0.0000,0.0000,0.0000,0.0000,0.0000,0.0000,264600,264600,0.0000,0.0000,0.0000,2268,2268,57,0,0,0,0,0,0,1,0,0,0,0,0,0,0,0,0,25,,,0.000000000000,,,
264640.000,2268,E31,F/NAV,5440.5882,0.3242,0.0000,0.3111,0.0000,0.0000,0.0000,0.0000,0.0000,0.0000,0.0000,0.0000,0.0000,0.0000,0.0000,264600,264600,0.0000,0.0000,0.0000,2268,2268,57,0,0,0,0,0,0,1,0,0,0,0,0,0,0,0,0,25,,,0.000000000000,,,
264640.000,2268,E32,F/NAV,5440.5882,0.3242,0.0000,0.3111,0.0000,0.0000,0.0000,0.0000,0.0000,0.0000,0.0000,0.0000,0.0000,0.0000,0.0000,264600,264600,0.0000,0.0000,0.0000,2268,2268,57,0,0,0,0,0,0,1,0,0,0,0,0,0,0,0,0,25,,,0.000000000000,,,
264640.000,2268,E33,F/NAV,5440.5882,0.3242,0.0000,0.3111,0.0000,0.0000,0.0000,0.0000,0.0000,0.0000,0.0000,0.0000,0.0000,0.0000,0.0000,264600,264600,0.0000,0.0000,0.0000,2268,2268,57,0,0,0,0,0,0,1,0,0,0,0,0,0,0,0,0,25,,,0.000000000000,,,
264640.000,2268,E35,F/NAV,5440.5882,0.3242,0.0000,0.3111,0.0000,0.0000,0.0000,0.0000,0.0000,0.0000,0.0000,0.0000,0.0000,0.0000,0.0000,264600,264600,0.0000,0.0000,0.0000,2268,2268,57,0,0,0,0,0,0,1,0,0,0,0,0,0,0,0,0,25,,,0.000000000000,,,
264640.000,2268,E36,F/NAV,5440.5882,0.3242,0.0000,0.3111,0.0000,0.0000,0.0000,0.0000,0.0000,0.0000,0.0000,0.0000,0.0000,0.0000,0.0000,264600,264600,0.0000,0.0000,0.0000,2268,2268,57,0,0,0,0,0,0,1,0,0,0,0,0,0,0,0,0,25,,,0.000000000000,,,
264640.000,2268,E34,F/NAV,5440.5882,0.3242,0.0000,0.3111,0.0000,0.0000,0.0000,0.0000,0.0000,0.0000,0.0000,0.0000,0.0000,0.0000,0.0000,264600,264600,0.0000,0.0000,0.0000,2268,2268,57,0,0,0,0,0,0,1,0,0,0,0,0,0,0,0,0,25,,,0.000000000000,,,
264640.000,2268,E25,F/NAV,5440.5882,0.2175,0.0000,0.3111,0.0000,0.1389,0.0000,0.0000,0.0000,0.0000,0.0000,0.0000,0.0000,0.0000,0.0000,264600,264600,0.0000,0.0000,0.0000,2268,2268,57,0,0,0,0,0,0,1,0,0,0,0,0,0,0,0,0,25,,,0.000000000000,,,
264640.000,2268,E19,F/NAV,5440.5882,0.7592,0.0000,0.3111,0.0000,-0.5278,0.0000,0.0000,0.0000,0.0000,0.0000,0.0000,0.0000,0.0000,0.0000,264600,264600,0.0000,0.0000,0.0000,2268,2268,57,0,0,0,0,0,0,1,0,0,0,0,0,0,0,0,0,25,,,0.000000000000,,,
264640.000,2268,E18,F/NAV,5440.5882,0.5092,0.0000,0.3111,0.0000,-0.5278,0.0000,0.0000,0.0000,0.0000,0.0000,0.0000,0.0000,0.0000,0.0000,264600,264600,0.0000,0.0000,0.0000,2268,2268,57,0,0,0,0,0,0,1,0,0,0,0,0,0,0,0,0,25,,,0.000000000000,,,
264640.000,2268,E02,F/NAV,5440.5882,0.3425,0.0000,0.3111,0.0000,0.1389,0.0000,0.0000,0.0000,0.0000,0.0000,0.0000,0.0000,0.0000,0.0000,264600,264600,0.0000,0.0000,0.0000,2268,2268,57,0,0,0,0,0,0,1,0,0,0,0,0,0,0,0,0,25,,,0.000000000000,,,
264640.000,2268,E01,F/NAV,5440.5882,0.0925,0.0000,0.3111,0.0000,0.1389,0.0000,0.0000,0.0000,0.0000,0.0000,0.0000,0.0000,0.0000,0.0000,264600,264600,0.0000,0.0000,0.0000,2268,2268,57,0,0,0,0,0,0,1,0,0,0,0,0,0,0,0,0,25,,,0.000000000000,,,
264640.000,2268,E03,F/NAV,5440.5882,0.5925,0.0000,0.3111,0.0000,0.1389,0.0000,0.0000,0.0000,0.0000,0.0000,0.0000,0.0000,0.0000,0.0000,264600,264600,0.0000,0.0000,0.0000,2268,2268,57,0,0,0,0,0,0,1,0,0,0,0,0,0,0,0,0,25,,,0.000000000000,,,
264640.000,2268,E20,F/NAV,5440.5882,-0.9908,0.0000,0.3111,0.0000,-0.5278,0.0000,0.0000,0.0000,0.0000,0.0000,0.0000,0.0000,0.0000,0.0000,264600,264600,0.0000,0.0000,0.0000,2268,2268,57,0,0,0,0,0,0,1,0,0,0,0,0,0,0,0,0,25,,,0.000000000000,,,
264640.000,2268,E17,F/NAV,5440.5882,0.2592,0.0000,0.3111,0.0000,-0.5278,0.0000,0.0000,0.0000,0.0000,0.0000,0.0000,0.0000,0.0000,0.0000,264600,264600,0.0000,0.0000,0.0000,2268,2268,57,0,0,0,0,0,0,1,0,0,0,0,0,0,0,0,0,25,,,0.000000000000,,,
264640.000,2268,E27,F/NAV,5440.5882,0.8009,0.0000,0.3111,0.0000,0.8056,0.0000,0.0000,0.0000,0.0000,0.0000,0.0000,0.0000,0.0000,0.0000,264600,264600,0.0000,0.0000,0.0000,2268,2268,57,0,0,0,0,0,0,1,0,0,0,0,0,0,0,0,0,25,,,0.000000000000,,,
264897.000,2268,E08,I/NAV,5440.5882,-0.1575,0.0000,0.3111,0.0000,0.1389,0.0000,0.0000,0.0000,0.0000,0.0000,0.0000,0.0000,0.0000,0.0000,264600,264600,0.0000,0.0000,0.0000,2268,2268,57,1,0,0,1,0,0,0,0,0,0,0,0,0,0,0,0,,25,,0.000000000000,0.000000000000,,2
264930.000,2268,E08,F/NAV,5440.5882,-0.1575,0.0000,0.3111,0.0000,0.1389,0.0000,0.0000,0.0000,0.0000,0.0000,0.0000,0.0000,0.0000,0.0000,264600,264600,0.0000,0.0000,0.0000,2268,2268,57,0,0,0,0,0,0,1,0,0,0,0,0,0,0,0,0,25,,,0.000000000000,,,
265205.000,2268,E33,I/NAV,5440.5882,0.3479,0.0000,0.3111,0.0000,0.0000,0.0000,0.0000,0.0000,0.0000,0.0000,0.0000,0.0000,0.0000,0.0000,265200,265200,0.0000,0.0000,0.0000,2268,2268,58,1,0,0,1,0,0,0,0,0,0,0,0,0,0,0,0,,25,,0.000000000000,0.000000000000,,2
265205.000,2268,E32,I/NAV,5440.5882,0.3479,0.0000,0.3111,0.0000,0.0000,0.0000,0.0000,0.0000,0.0000,0.0000,0.0000,0.0000,0.0000,0.0000,265200,265200,0.0000,0.0000,0.0000,2268,2268,58,1,0,0,1,0,0,0,0,0,0,0,0,0,0,0,0,,25,,0.000000000000,0.000000000000,,2
265205.000,2268,E36,I/NAV,5440.5882,0.3479,0.0000,0.3111,0.0000,0.0000,0.0000,0.0000,0.0000,0.0000,0.0000,0.0000,0.0000,0.0000,0.0000,265200,265200,0.0000,0.0000,0.0000,2268,2268,58,1,0,0,1,0,0,0,0,0,0,0,0,0,0,0,0,,25,,0.000000000000,0.000000000000,,2
265205.000,2268,E35,I/NAV,5440.5882,0.3479,0.0000,0.3111,0.0000,0.0000,0.0000,0.0000,0.0000,0.0000,0.0000,0.0000,0.0000,0.0000,0.0000,265200,265200,0.0000,0.0000,0.0000,2268,2268,58,1,0,0,1,0,0,0,0,0,0,0,0,0,0,0,0,,25,,0.000000000000,0.000000000000,,2
265205.000,2268,E29,I/NAV,5440.5882,0.6579,0.0000,0.3111,0.0000,-0.5278,0.0000,0.0000,0.0000,0.0000,0.0000,0.0000,0.0000,0.0000,0.0000,265200,265200,0.0000,0.0000,0.0000,2268,2268,58,1,0,0,1,0,0,0,0,0,0,0,0,0,0,0,0,,25,,0.000000000000,0.000000000000,,2
265205.000,2268,E31,I/NAV,5440.5882,0.3479,0.0000,0.3111,0.0000,0.0000,0.0000,0.0000,0.0000,0.0000,0.0000,0.0000,0.0000,0.0000,0.0000,265200,265200,0.0000,0.0000,0.0000,2268,2268,58,1,0,0,1,0,0,0,0,0,0,0,0,0,0,0,0,,25,,0.000000000000,0.000000000000,,2
265205.000,2268,E34,I/NAV,5440.5882,0.3479,0.0000,0.3111,0.0000,0.0000,0.0000,0.0000,0.0000,0.0000,0.0000,0.0000,0.0000,0.0000,0.0000,265200,265200,0.0000,0.0000,0.0000,2268,2268,58,1,0,0,1,0,0,0,0,0,0,0,0,0,0,0,0,,25,,0.000000000000,0.000000000000,,2
265205.000,2268,E18,I/NAV,5440.5882,0.5329,0.0000,0.3111,0.0000,-0.5278,0.0000,0.0000,0.0000,0.0000,0.0000,0.0000,0.0000,0.0000,0.0000,265200,265200,0.0000,0.0000,0.0000,2268,2268,58,1,0,0,1,0,0,0,0,0,0,0,0,0,0,0,0,,25,,0.000000000000,0.000000000000,,2
265205.000,2268,E19,I/NAV,5440.5882,0.7829,0.0000,0.3111,0.0000,-0.5278,0.0000,0.0000,0.0000,0.0000,0.0000,0.0000,0.0000,0.0000,0.0000,265200,265200,0.0000,0.0000,0.0000,2268,2268,58,1,0,0,1,0,0,0,0,0,0,0,0,0,0,0,0,,25,,0.000000000000,0.000000000000,,2
265205.000,2268,E01,I/NAV,5440.5882,0.1162,0.0000,0.3111,0.0000,0.1389,0.0000,0.0000,0.0000,0.0000,0.0000,0.0000,0.0000,0.0000,0.0000,265200,265200,0.0000,0.0000,0.0000,2268,2268,58,1,0,0,1,0,0,0,0,0,0,0,0,0,0,0,0,,25,,0.000000000000,0.000000000000,,2
265205.000,2268,E02,I/NAV,5440.5882,0.3662,0.0000,0.3111,0.0000,0.1389,0.0000,0.0000,0.0000,0.0000,0.0000,0.0000,0.0000,0.0000,0.0000,265200,265200,0.0000,0.0000,0.0000,2268,2268,58,1,0,0,1,0,0,0,0,0,0,0,0,0,0,0,0,,25,,0.000000000000,0.000000000000,,2
265205.000,2268,E25,I/NAV,5440.5882,0.2412,0.0000,0.3111,0.0000,0.1389,0.0000,0.0000,0.0000,0.0000,0.0000,0.0000,0.0000,0.0000,0.0000,265200,265200,0.0000,0.0000,0.0000,2268,2268,58,1,0,0,1,0,0,0,0,0,0,0,0,0,0,0,0,,25,,0.000000000000,0.000000000000,,2
265205.000,2268,E17,I/NAV,5440.5882,0.2829,0.0000,0.3111,0.0000,-0.5278,0.0000,0.0000,0.0000,0.0000,0.0000,0.0000,0.0000,0.0000,0.0000,265200,265200,0.0000,0.0000,0.0000,2268,2268,58,1,0,0,1,0,0,0,0,0,0,0,0,0,0,0,0,,25,,0.000000000000,0.000000000000,,2
265205.000,2268,E03,I/NAV,5440.5882,0.6162,0.0000,0.3111,0.0000,0.1389,0.0000,0.0000,0.0000,0.0000,0.0000,0.0000,0.0000,0.0000,0.0000,265200,265200,0.0000,0.0000,0.0000,2268,2268,58,1,0,0,1,0,0,0,0,0,0,0,0,0,0,0,0,,25,,0.000000000000,0.000000000000,,2
265205.000,2268,E20,I/NAV,5440.5882,-0.9671,0.0000,0.3111,0.0000,-0.5278,0.0000,0.0000,0.0000,0.0000,0.0000,0.0000,0.0000,0.0000,0.0000,265200,265200,0.0000,0.0000,0.0000,2268,2268,58,1,0,0,1,0,0,0,0,0,0,0,0,0,0,0,0,,25,,0.000000000000,0.000000000000,,2
265205.000,2268,E08,I/NAV,5440.5882,-0.1338,0.0000,0.3111,0.0000,0.1389,0.0000,0.0000,0.0000,0.0000,0.0000,0.0000,0.0000,0.0000,0.0000,265200,265200,0.0000,0.0000,0.0000,2268,2268,58,1,0,0,1,0,0,0,0,0,0,0,0,0,0,0,0,,25,,0.000000000000,0.000000000000,,2
265240.000,2268,E29,F/NAV,5440.5882,0.6579,0.0000,0.3111,0.0000,-0.5278,0.0000,0.0000,0.0000,0.0000,0.0000,0.0000,0.0000,0.0000,0.0000,265200,265200,0.0000,0.0000,0.0000,2268,2268,58,0,0,0,0,0,0,1,0,0,0,0,0,0,0,0,0,25,,,0.000000000000,,,
265240.000,2268,E31,F/NAV,5440.5882,0.3479,0.0000,0.3111,0.0000,0.0000,0.0000,0.0000,0.0000,0.0000,0.0000,0.0000,0.0000,0.0000,0.0000,265200,265200,0.0000,0.0000,0.0000,2268,2268,58,0,0,0,0,0,0,1,0,0,0,0,0,0,0,0,0,25,,,0.000000000000,,,
265240.000,2268,E32,F/NAV,5440.5882,0.3479,0.0000,0.3111,0.0000,0.0000,0.0000,0.0000,0.0000,0.0000,0.0000,0.0000,0.0000,0.0000,0.0000,265200,265200,0.0000,0.0000,0.0000,2268,2268,58,0,0,0,0,0,0,1,0,0,0,0,0,0,0,0,0,25,,,0.000000000000,,,
265240.000,2268,E33,F/NAV,5440.5882,0.3479,0.0000,0.3111,0.0000,0.0000,0.0000,0.0000,0.0000,0.0000,0.0000,0.0000,0.0000,0.0000,0.0000,265200,265200,0.0000,0.0000,0.0000,2268,2268,58,0,0,0,0,0,0,1,0,0,0,0,0,0,0,0,0,25,,,0.000000000000,,,
265240.000,2268,E35,F/NAV,5440.5882,0.3479,0.0000,0.3111,0.0000,0.0000,0.0000,0.0000,0.0000,0.0000,0.0000,0.0000,0.0000,0.0000,0.0000,265200,265200,0.0000,0.0000,0.0000,2268,2268,58,0,0,0,0,0,0,1,0,0,0,0,0,0,0,0,0,25,,,0.000000000000,,,
265240.000,2268,E36,F/NAV,5440.5882,0.3479,0.0000,0.3111,0.0000,0.0000,0.0000,0.0000,0.0000,0.0000,0.0000,0.0000,0.0000,0.0000,0.0000,265200,265200,0.0000,0.0000,0.0000,2268,2268,58,0,0,0,0,0,0,1,0,0,0,0,0,0,0,0,0,25,,,0.000000000000,,,
265240.000,2268,E34,F/NAV,5440.5882,0.3479,0.0000,0.3111,0.0000,0.0000,0.0000,0.0000,0.0000,0.0000,0.0000,0.0000,0.0000,0.0000,0.0000,265200,265200,0.0000,0.0000,0.0000,2268,2268,58,0,0,0,0,0,0,1,0,0,0,0,0,0,0,0,0,25,,,0.000000000000,,,
265240.000,2268,E25,F/NAV,5440.5882,0.2412,0.0000,0.3111,0.0000,0.1389,0.0000,0.0000,0.0000,0.0000,0.0000,0.0000,0.0000,0.0000,0.0000,265200,265200,0.0000,0.0000,0.0000,2268,2268,58,0,0,0,0,0,0,1,0,0,0,0,0,0,0,0,0,25,,,0.000000000000,,,
265240.000,2268,E18,F/NAV,5440.5882,0.5329,0.0000,0.3111,0.0000,-0.5278,0.0000,0.0000,0.0000,0.0000,0.0000,0.0000,0.0000,0.0000,0.0000,265200,265200,0.0000,0.0000,0.0000,2268,2268,58,0,0,0,0,0,0,1,0,0,0,0,0,0,0,0,0,25,,,0.000000000000,,,
265240.000,2268,E19,F/NAV,5440.5882,0.7829,0.0000,0.3111,0.0000,-0.5278,0.0000,0.0000,0.0000,0.0000,0.0000,0.0000,0.0000,0.0000,0.0000,265200,265200,0.0000,0.0000,0.0000,2268,2268,58,0,0,0,0,0,0,1,0,0,0,0,0,0,0,0,0,25,,,0.000000000000,,,
265240.000,2268,E02,F/NAV,5440.5882,0.3662,0.0000,0.3111,0.0000,0.1389,0.0000,0.0000,0.0000,0.0000,0.0000,0.0000,0.0000,0.0000,0.0000,265200,265200,0.0000,0.0000,0.0000,2268,2268,58,0,0,0,0,0,0,1,0,0,0,0,0,0,0,0,0,25,,,0.000000000000,,,
265240.000,2268,E01,F/NAV,5440.5882,0.1162,0.0000,0.3111,0.0000,0.1389,0.0000,0.0000,0.0000,0.0000,0.0000,0.0000,0.0000,0.0000,0.0000,265200,265200,0.0000,0.0000,0.0000,2268,2268,58,0,0,0,0,0,0,1,0,0,0,0,0,0,0,0,0,25,,,0.000000000000,,,
265240.000,2268,E03,F/NAV,5440.5882,0.6162,0.0000,0.3111,0.0000,0.1389,0.0000,0.0000,0.0000,0.0000,0.0000,0.0000,0.0000,0.0000,0.0000,265200,265200,0.0000,0.0000,0.0000,2268,2268,58,0,0,0,0,0,0,1,0,0,0,0,0,0,0,0,0,25,,,0.000000000000,,,
265240.000,2268,E20,F/NAV,5440.5882,-0.9671,0.0000,0.3111,0.0000,-0.5278,0.0000,0.0000,0.0000,0.0000,0.0000,0.0000,0.0000,0.0000,0.0000,265200,265200,0.0000,0.0000,0.0000,2268,2268,58,0,0,0,0,0,0,1,0,0,0,0,0,0,0,0,0,25,,,0.000000000000,,,
265240.000,2268,E17,F/NAV,5440.5882,0.2829,0.0000,0.3111,0.0000,-0.5278,0.0000,0.0000,0.0000,0.0000,0.0000,0.0000,0.0000,0.0000,0.0000,265200,265200,0.0000,0.0000,0.0000,2268,2268,58,0,0,0,0,0,0,1,0,0,0,0,0,0,0,0,0,25,,,0.000000000000,,,
265240.000,2268,E08,F/NAV,5440.5882,-0.1338,0.0000,0.3111,0.0000,0.1389,0.0000,0.0000,0.0000,0.0000,0.0000,0.0000,0.0000,0.0000,0.0000,265200,265200,0.0000,0.0000,0.0000,2268,2268,58,0,0,0,0,0,0,1,0,0,0,0,0,0,0,0,0,25,,,0.000000000000,,,
265805.000,2268,E33,I/NAV,5440.5882,0.3716,0.0000,0.3111,0.0000,0.0000,0.0000,0.0000,0.0000,0.0000,0.0000,0.0000,0.0000,0.0000,0.0000,265800,265800,0.0000,0.0000,0.0000,2268,2268,59,1,0,0,1,0,0,0,0,0,0,0,0,0,0,0,0,,25,,0.000000000000,0.000000000000,,2
265805.000,2268,E32,I/NAV,5440.5882,0.3716,0.0000,0.3111,0.0000,0.0000,0.0000,0.0000,0.0000,0.0000,0.0000,0.0000,0.0000,0.0000,0.0000,265800,265800,0.0000,0.0000,0.0000,2268,2268,59,1,0,0,1,0,0,0,0,0,0,0,0,0,0,0,0,,25,,0.000000000000,0.000000000000,,2
265805.000,2268,E36,I/NAV,5440.5882,0.3716,0.0000,0.3111,0.0000,0.0000,0.0000,0.0000,0.0000,0.0000,0.0000,0.0000,0.0000,0.0000,0.0000,265800,265800,0.0000,0.0000,0.0000,2268,2268,59,1,0,0,1,0,0,0,0,0,0,0,0,0,0,0,0,,25,,0.000000000000,0.000000000000,,2
265805.000,2268,E35,I/NAV,5440.5882,0.3716,0.0000,0.3111,0.0000,0.0000,0.0000,0.0000,0.0000,0.0000,0.0000,0.0000,0.0000,0.0000,0.0000,265800,265800,0.0000,0.0000,0.0000,2268,2268,59,1,0,0,1,0,0,0,0,0,0,0,0,0,0,0,0,,25,,0.000000000000,0.000000000000,,2
265805.000,2268,E29,I/NAV,5440.5882,0.6816,0.0000,0.3111,0.0000,-0.5278,0.0000,0.0000,0.0000,0.0000,0.0000,0.0000,0.0000,0.0000,0.0000,265800,265800,0.0000,0.0000,0.0000,2268,2268,59,1,0,0,1,0,0,0,0,0,0,0,0,0,0,0,0,,25,,0.000000000000,0.000000000000,,2
265805.000,2268,E31,I/NAV,5440.5882,0.3716,0.0000,0.3111,0.0000,0.0000,0.0000,0.0000,0.0000,0.0000,0.0000,0.0000,0.0000,0.0000,0.0000,265800,265800,0.0000,0.0000,0.0000,2268,2268,59,1,0,0,1,0,0,0,0,0,0,0,0,0,0,0,0,,25,,0.000000000000,0.000000000000,,2
265805.000,2268,E34,I/NAV,5440.5882,0.3716,0.0000,0.3111,0.0000,0.0000,0.0000,0.0000,0.0000,0.0000,0.0000,0.0000,0.0000,0.0000,0.0000,265800,265800,0.0000,0.0000,0.0000,2268,2268,59,1,0,0,1,0,0,0,0,0,0,0,0,0,0,0,0,,25,,0.000000000000,0.000000000000,,2
265805.000,2268,E25,I/NAV,5440.5882,0.2649,0.0000,0.3111,0.0000,0.1389,0.0000,0.0000,0.0000,0.0000,0.0000,0.0000,0.0000,0.0000,0.0000,265800,265800,0.0000,0.0000,0.0000,2268,2268,59,1,0,0,1,0,0,0,0,0,0,0,0,0,0,0,0,,25,,0.000000000000,0.000000000000,,2
265805.000,2268,E18,I/NAV,5440.5882,0.5566,0.0000,0.3111,0.0000,-0.5278,0.0000,0.0000,0.0000,0.0000,0.0000,0.0000,0.0000,0.0000,0.0000,265800,265800,0.0000,0.0000,0.0000,2268,2268,59,1,0,0,1,0,0,0,0,0,0,0,0,0,0,0,0,,25,,0.000000000000,0.000000000000,,2
265805.000,2268,E01,I/NAV,5440.5882,0.1399,0.0000,0.3111,0.0000,0.1389,0.0000,0.0000,0.0000,0.0000,0.0000,0.0000,0.0000,0.0000,0.0000,265800,265800,0.0000,0.0000,0.0000,2268,2268,59,1,0,0,1,0,0,0,0,0,0,0,0,0,0,0,0,,25,,0.000000000000,0.000000000000,,2
265805.000,2268,E19,I/NAV,5440.5882,0.8066,0.0000,0.3111,0.0000,-0.5278,0.0000,0.0000,0.0000,0.0000,0.0000,0.0000,0.0000,0.0000,0.0000,265800,265800,0.0000,0.0000,0.0000,2268,2268,59,1,0,0,1,0,0,0,0,0,0,0,0,0,0,0,0,,25,,0.000000000000,0.000000000000,,2
265805.000,2268,E02,I/NAV,5440.5882,0.3899,0.0000,0.3111,0.0000,0.1389,0.0000,0.0000,0.0000,0.0000,0.0000,0.0000,0.0000,0.0000,0.0000,265800,265800,0.0000,0.0000,0.0000,2268,2268,59,1,0,0,1,0,0,0,0,0,0,0,0,0,0,0,0,,25,,0.000000000000,0.000000000000,,2
265805.000,2268,E17,I/NAV,5440.5882,0.3066,0.0000,0.3111,0.0000,-0.5278,0.0000,0.0000,0.0000,0.0000,0.0000,0.0000,0.0000,0.0000,0.0000,265800,265800,0.0000,0.0000,0.0000,2268,2268,59,1,0,0,1,0,0,0,0,0,0,0,0,0,0,0,0,,25,,0.000000000000,0.000000000000,,2
265805.000,2268,E08,I/NAV,5440.5882,-0.1101,0.0000,0.3111,0.0000,0.1389,0.0000,0.0000,0.0000,0.0000,0.0000,0.0000,0.0000,0.0000,0.0000,265800,265800,0.0000,0.0000,0.0000,2268,2268,59,1,0,0,1,0,0,0,0,0,0,0,0,0,0,0,0,,25,,0.000000000000,0.000000000000,,2
265805.000,2268,E03,I/NAV,5440.5882,0.6399,0.0000,0.3111,0.0000,0.1389,0.0000,0.0000,0.0000,0.0000,0.0000,0.0000,0.0000,0.0000,0.0000,265800,265800,0.0000,0.0000,0.0000,2268,2268,59,1,0,0,1,0,0,0,0,0,0,0,0,0,0,0,0,,25,,0.000000000000,0.000000000000,,2
265805.000,2268,E20,I/NAV,5440.5882,-0.9434,0.0000,0.3111,0.0000,-0.5278,0.0000,0.0000,0.0000,0.0000,0.0000,0.0000,0.0000,0.0000,0.0000,265800,265800,0.0000,0.0000,0.0000,2268,2268,59,1,0,0,1,0,0,0,0,0,0,0,0,0,0,0,0,,25,,0.000000000000,0.000000000000,,2
265840.000,2268,E29,F/NAV,5440.5882,0.6816,0.0000,0.3111,0.0000,-0.5278,0.0000,0.0000,0.0000,0.0000,0.0000,0.0000,0.0000,0.0000,0.0000,265800,265800,0.0000,0.0000,0.0000,2268,2268,59,0,0,0,0,0,0,1,0,0,0,0,0,0,0,0,0,25,,,0.000000000000,,,
265840.000,2268,E25,F/NAV,5440.5882,0.2649,0.0000,0.3111,0.0000,0.1389,0.0000,0.0000,0.0000,0.0000,0.0000,0.0000,0.0000,0.0000,0.0000,265800,265800,0.0000,0.0000,0.0000,2268,2268,59,0,0,0,0,0,0,1,0,0,0,0,0,0,0,0,0,25,,,0.000000000000,,,
265840.000,2268,E31,F/NAV,5440.5882,0.3716,0.0000,0.3111,0.0000,0.0000,0.0000,0.0000,0.0000,0.0000,0.0000,0.0000,0.0000,0.0000,0.0000,265800,265800,0.0000,0.0000,0.0000,2268,2268,59,0,0,0,0,0,0,1,0,0,0,0,0,0,0,0,0,25,,,0.000000000000,,,
265840.000,2268,E32,F/NAV,5440.5882,0.3716,0.0000,0.3111,0.0000,0.0000,0.0000,0.0000,0.0000,0.0000,0.0000,0.0000,0.0000,0.0000,0.0000,265800,265800,0.0000,0.0000,0.0000,2268,2268,59,0,0,0,0,0,0,1,0,0,0,0,0,0,0,0,0,25,,,0.000000000000,,,
265840.000,2268,E33,F/NAV,5440.5882,0.3716,0.0000,0.3111,0.0000,0.0000,0.0000,0.0000,0.0000,0.0000,0.0000,0.0000,0.0000,0.0000,0.0000,265800,265800,0.0000,0.0000,0.0000,2268,2268,59,0,0,0,0,0,0,1,0,0,0,0,0,0,0,0,0,25,,,0.000000000000,,,
265840.000,2268,E35,F/NAV,5440.5882,0.3716,0.0000,0.3111,0.0000,0.0000,0.0000,0.0000,0.0000,0.0000,0.0000,0.0000,0.0000,0.0000,0.0000,265800,265800,0.0000,0.0000,0.0000,2268,2268,59,0,0,0,0,0,0,1,0,0,0,0,0,0,0,0,0,25,,,0.000000000000,,,
265840.000,2268,E36,F/NAV,5440.5882,0.3716,0.0000,0.3111,0.0000,0.0000,0.0000,0.0000,0.0000,0.0000,0.0000,0.0000,0.0000,0.0000,0.0000,265800,265800,0.0000,0.0000,0.0000,2268,2268,59,0,0,0,0,0,0,1,0,0,0,0,0,0,0,0,0,25,,,0.000000000000,,,
265840.000,2268,E34,F/NAV,5440.5882,0.3716,0.0000,0.3111,0.0000,0.0000,0.0000,0.0000,0.0000,0.0000,0.0000,0.0000,0.0000,0.0000,0.0000,265800,265800,0.0000,0.0000,0.0000,2268,2268,59,0,0,0,0,0,0,1,0,0,0,0,0,0,0,0,0,25,,,0.000000000000,,,
265840.000,2268,E18,F/NAV,5440.5882,0.5566,0.0000,0.3111,0.0000,-0.5278,0.0000,0.0000,0.0000,0.0000,0.0000,0.0000,0.0000,0.0000,0.0000,265800,265800,0.0000,0.0000,0.0000,2268,2268,59,0,0,0,0,0,0,1,0,0,0,0,0,0,0,0,0,25,,,0.000000000000,,,
265840.000,2268,E01,F/NAV,5440.5882,0.1399,0.0000,0.3111,0.0000,0.1389,0.0000,0.0000,0.0000,0.0000,0.0000,0.0000,0.0000,0.0000,0.0000,265800,265800,0.0000,0.0000,0.0000,2268,2268,59,0,0,0,0,0,0,1,0,0,0,0,0,0,0,0,0,25,,,0.000000000000,,,
265840.000,2268,E19,F/NAV,5440.5882,0.8066,0.0000,0.3111,0.0000,-0.5278,0.0000,0.0000,0.0000,0.0000,0.0000,0.0000,0.0000,0.0000,0.0000,265800,265800,0.0000,0.0000,0.0000,2268,2268,59,0,0,0,0,0,0,1,0,0,0,0,0,0,0,0,0,25,,,0.000000000000,,,
265840.000,2268,E02,F/NAV,5440.5882,0.3899,0.0000,0.3111,0.0000,0.1389,0.0000,0.0000,0.0000,0.0000,0.0000,0.0000,0.0000,0.0000,0.0000,265800,265800,0.0000,0.0000,0.0000,2268,2268,59,0,0,0,0,0,0,1,0,0,0,0,0,0,0,0,0,25,,,0.000000000000,,,
265840.000,2268,E08,F/NAV,5440.5882,-0.1101,0.0000,0.3111,0.0000,0.1389,0.0000,0.0000,0.0000,0.0000,0.0000,0.0000,0.0000,0.0000,0.0000,265800,265800,0.0000,0.0000,0.0000,2268,2268,59,0,0,0,0,0,0,1,0,0,0,0,0,0,0,0,0,25,,,0.000000000000,,,
265840.000,2268,E17,F/NAV,5440.5882,0.3066,0.0000,0.3111,0.0000,-0.5278,0.0000,0.0000,0.0000,0.0000,0.0000,0.0000,0.0000,0.0000,0.0000,265800,265800,0.0000,0.0000,0.0000,2268,2268,59,0,0,0,0,0,0,1,0,0,0,0,0,0,0,0,0,25,,,0.000000000000,,,
265840.000,2268,E03,F/NAV,5440.5882,0.6399,0.0000,0.3111,0.0000,0.1389,0.0000,0.0000,0.0000,0.0000,0.0000,0.0000,0.0000,0.0000,0.0000,265800,265800,0.0000,0.0000,0.0000,2268,2268,59,0,0,0,0,0,0,1,0,0,0,0,0,0,0,0,0,25,,,0.000000000000,,,
265840.000,2268,E20,F/NAV,5440.5882,-0.9434,0.0000,0.3111,0.0000,-0.5278,0.0000,0.0000,0.0000,0.0000,0.0000,0.0000,0.0000,0.0000,0.0000,265800,265800,0.0000,0.0000,0.0000,2268,2268,59,0,0,0,0,0,0,1,0,0,0,0,0,0,0,0,0,25,,,0.000000000000,,,
